tempo 15700
note 6428 6616 2 32 58
note 6318 6433 1 80 69
note 6318 6433 1 72 69
note 6410 6426 2 41 81
note 6400 6409 2 39 89
note 6391 6400 2 32 61
note 6382 6390 2 41 87
note 6373 6381 2 39 88
note 6355 6372 2 32 56
note 6336 6353 2 44 89
note 6327 6336 2 39 91
note 6318 6326 2 32 55
note 6309 6317 2 44 91
note 6282 6315 1 82 80
note 6282 6315 1 75 78
note 6300 6308 2 39 89
note 6282 6299 2 32 61
note 6172 6281 1 80 70
note 6172 6281 1 72 72
note 6263 6280 2 41 81
note 6254 6262 2 39 90
note 6245 6253 2 32 61
note 6236 6244 2 41 87
note 6227 6235 2 39 88
note 6208 6226 2 32 58
note 6190 6207 2 44 86
note 6181 6189 2 39 90
note 6172 6180 2 32 55
note 6163 6171 2 44 92
note 6135 6169 1 82 81
note 6135 6169 1 75 78
note 6154 6162 2 39 87
note 6135 6153 2 32 61
note 6026 6134 1 80 71
note 6026 6134 1 72 69
note 6117 6134 2 41 80
note 6108 6116 2 39 92
note 6099 6107 2 32 59
note 6090 6098 2 41 85
note 6080 6089 2 39 87
note 6062 6080 2 32 55
note 6044 6060 2 44 86
note 6035 6043 2 39 90
note 6026 6034 2 32 59
note 6016 6025 2 44 91
note 5998 6023 1 82 81
note 5998 6023 1 75 83
note 6007 6016 2 39 86
note 5998 6006 2 32 62
note 5989 5997 2 39 68
note 5989 5997 1 80 70
note 5989 5997 1 72 69
note 5980 5988 1 82 77
note 5980 5988 1 75 76
note 5962 5978 1 84 94
note 5962 5978 1 80 93
note 5962 5978 1 75 93
note 5952 5961 1 72 67
note 5943 5952 1 75 64
note 5934 5942 1 85 82
note 5934 5942 1 80 83
note 5925 5933 1 82 86
note 5925 5933 1 75 88
note 5916 5924 1 80 90
note 5916 5924 1 72 91
note 5907 5915 1 72 85
note 5907 5915 1 68 84
note 5898 5915 1 63 82
note 5888 5915 1 60 93
note 5898 5906 1 70 82
note 5888 5897 1 68 92
note 5879 5888 2 60 80
note 5870 5888 2 51 83
note 5861 5888 2 48 67
note 5879 5888 1 60 66
note 5870 5878 2 58 83
note 5861 5869 2 56 70
note 5843 5851 2 32 59
note 5824 5841 2 41 84
note 5815 5824 2 39 90
note 5806 5814 2 32 62
note 5797 5805 2 41 86
note 5788 5796 2 39 90
note 5770 5787 2 32 56
note 5751 5768 2 44 87
note 5742 5750 2 39 89
note 5733 5741 2 32 58
note 5724 5732 2 44 90
note 5715 5723 2 39 89
note 5696 5714 2 32 59
note 5678 5695 2 41 83
note 5669 5677 2 39 91
note 5660 5668 2 32 59
note 5651 5659 2 41 88
note 5642 5650 2 39 88
note 5623 5641 2 32 57
note 5605 5622 2 44 87
note 5596 5604 2 39 91
note 5587 5595 2 32 58
note 5578 5586 2 44 90
note 5568 5577 2 39 88
note 5550 5568 2 32 59
note 5450 5556 1 70 77
note 5450 5556 1 63 78
note 5532 5548 2 41 80
note 5523 5531 2 39 89
note 5514 5522 2 32 60
note 5504 5513 2 41 88
note 5495 5504 2 39 88
note 5477 5494 2 32 58
note 5459 5475 2 44 86
note 5450 5458 2 39 88
note 5440 5449 2 32 56
note 5440 5449 1 70 81
note 5440 5449 1 63 78
note 5431 5440 2 44 90
note 5404 5438 1 68 69
note 5404 5438 1 60 72
note 5422 5430 2 39 90
note 5404 5421 2 32 57
note 5303 5403 1 70 74
note 5303 5403 1 63 76
note 5386 5402 2 44 83
note 5376 5385 2 42 90
note 5367 5376 2 35 59
note 5358 5366 2 44 88
note 5349 5357 2 42 88
note 5331 5348 2 35 56
note 5312 5329 2 47 87
note 5303 5312 2 42 90
note 5294 5302 2 35 56
note 5294 5302 1 70 81
note 5294 5302 1 63 80
note 5285 5293 2 47 92
note 5258 5291 1 68 72
note 5258 5291 1 63 70
note 5276 5284 2 42 88
note 5258 5275 2 35 66
note 5157 5257 1 70 78
note 5157 5257 1 63 75
note 5239 5256 2 41 82
note 5230 5238 2 39 88
note 5221 5229 2 32 59
note 5212 5220 2 41 86
note 5203 5211 2 39 90
note 5184 5202 2 32 58
note 5166 5183 2 44 86
note 5157 5165 2 39 87
note 5148 5156 2 32 56
note 5148 5156 1 70 78
note 5148 5156 1 63 80
note 5139 5147 2 44 92
note 5111 5145 1 68 73
note 5111 5145 1 60 70
note 5130 5138 2 39 90
note 5111 5129 2 32 56
note 5011 5110 1 70 74
note 5011 5110 1 63 75
note 5093 5110 2 44 82
note 5084 5092 2 42 91
note 5075 5083 2 35 61
note 5066 5074 2 44 86
note 5056 5065 2 42 90
note 5038 5056 2 35 56
note 5020 5036 2 47 86
note 5011 5019 2 42 90
note 5002 5010 2 35 56
note 5002 5010 1 70 81
note 5002 5010 1 63 80
note 4992 5001 2 47 91
note 4965 4999 1 68 76
note 4965 4999 1 63 76
note 4983 4992 2 42 89
note 4965 4982 2 35 66
note 4947 4963 2 41 81
note 4928 4962 1 68 73
note 4928 4962 1 60 70
note 4938 4946 2 39 89
note 4928 4937 2 32 61
note 4919 4928 2 41 86
note 4901 4926 1 70 82
note 4901 4926 1 63 84
note 4910 4918 2 39 88
note 4892 4909 2 32 58
note 4883 4899 1 68 69
note 4883 4899 1 60 69
note 4874 4890 2 44 88
note 4874 4882 1 70 69
note 4874 4882 1 63 73
note 4864 4873 2 39 90
note 4864 4873 1 72 79
note 4864 4873 1 68 79
note 4855 4864 2 32 57
note 4846 4863 1 72 80
note 4846 4863 1 68 80
note 4846 4854 2 44 90
note 4837 4845 2 39 88
note 4837 4845 1 70 78
note 4837 4845 1 63 80
note 4819 4836 2 32 58
note 4819 4836 1 68 66
note 4819 4836 1 60 68
note 4718 4818 1 72 77
note 4718 4818 1 68 77
note 4800 4817 2 41 84
note 4791 4800 2 39 90
note 4782 4790 2 32 62
note 4773 4781 2 41 86
note 4764 4772 2 39 90
note 4746 4763 2 32 58
note 4727 4744 2 44 88
note 4718 4726 2 39 88
note 4709 4717 2 32 58
note 4700 4716 1 72 82
note 4700 4716 1 68 80
note 4700 4708 2 44 91
note 4691 4699 2 39 89
note 4691 4699 1 70 78
note 4691 4699 1 63 79
note 4672 4690 2 32 58
note 4672 4690 1 68 76
note 4672 4690 1 60 75
note 4654 4671 2 41 83
note 4636 4670 1 68 72
note 4636 4670 1 60 72
note 4645 4653 2 39 88
note 4636 4644 2 32 61
note 4627 4635 2 41 85
note 4608 4633 1 70 81
note 4608 4633 1 63 81
note 4618 4626 2 39 90
note 4599 4617 2 32 58
note 4590 4607 1 68 70
note 4590 4607 1 60 70
note 4581 4598 2 44 86
note 4581 4589 1 70 72
note 4581 4589 1 63 69
note 4572 4580 2 39 91
note 4572 4580 1 72 80
note 4572 4580 1 68 79
note 4563 4571 2 32 57
note 4554 4570 1 72 82
note 4554 4570 1 68 79
note 4554 4562 2 44 92
note 4544 4553 2 39 87
note 4544 4553 1 70 82
note 4544 4553 1 63 78
note 4535 4544 2 32 63
note 4535 4544 1 68 79
note 4535 4544 1 60 80
note 4526 4534 2 39 64
note 4517 4534 1 67 69
note 4517 4525 2 46 91
note 4512 4517 1 70 70
note 4499 4515 2 39 57
note 4499 4511 1 75 92
note 4494 4498 2 55 87
note 4494 4498 1 67 69
note 4494 4498 1 65 67
note 4494 4498 1 61 67
note 4480 4493 2 48 68
note 4480 4493 1 70 69
note 4476 4480 1 75 70
note 4462 4479 2 51 61
note 4462 4475 1 77 75
note 4458 4462 2 65 94
note 4458 4462 2 61 92
note 4458 4462 2 55 91
note 4458 4462 1 79 87
note 4444 4456 2 46 61
note 4444 4456 1 75 90
note 4439 4443 2 60 91
note 4439 4443 2 54 94
note 4439 4443 1 70 79
note 4439 4443 1 64 77
note 4426 4438 2 37 62
note 4426 4438 1 69 67
note 4421 4425 1 74 67
note 4407 4424 2 45 61
note 4407 4420 1 78 72
note 4389 4406 2 50 59
note 4389 4406 1 81 86
note 4384 4389 2 64 93
note 4384 4389 2 60 95
note 4384 4389 2 54 92
note 4384 4389 1 78 88
note 4371 4383 2 45 62
note 4371 4383 1 74 90
note 4366 4370 2 59 96
note 4366 4370 2 53 94
note 4366 4370 1 68 66
note 4366 4370 1 63 63
note 4352 4365 2 37 63
note 4352 4365 1 73 74
note 4348 4352 1 75 73
note 4334 4351 2 44 61
note 4334 4347 1 77 100
note 4316 4332 2 49 63
note 4316 4332 1 65 69
note 4311 4315 2 59 94
note 4311 4315 2 53 93
note 4311 4315 1 68 67
note 4311 4315 1 63 67
note 4298 4310 2 44 62
note 4298 4310 1 72 65
note 4293 4297 2 62 93
note 4293 4297 2 58 93
note 4293 4297 2 52 92
note 4270 4297 1 79 84
note 4279 4292 2 36 61
note 4279 4288 1 76 84
note 4275 4279 1 75 77
note 4261 4278 2 43 63
note 4256 4272 1 75 67
note 4243 4259 2 48 61
note 4243 4255 1 79 81
note 4238 4242 2 62 93
note 4238 4242 2 58 95
note 4238 4242 2 52 94
note 4238 4242 1 78 78
note 4234 4238 1 77 77
note 4224 4237 2 47 61
note 4229 4233 1 76 72
note 4224 4229 1 77 70
note 4220 4224 2 63 97
note 4220 4224 2 59 99
note 4220 4224 2 53 96
note 4218 4224 1 80 64
note 4206 4219 2 46 84
note 4212 4218 1 85 71
note 4206 4212 1 89 89
note 4200 4206 1 85 89
note 4188 4204 2 45 75
note 4194 4199 1 80 85
note 4188 4193 1 77 89
note 4182 4187 1 73 85
note 4170 4186 2 44 60
note 4176 4181 1 68 68
note 4165 4169 2 59 97
note 4165 4169 2 53 96
note 4165 4169 1 73 67
note 4165 4169 1 63 67
note 4151 4164 2 43 80
note 4145 4160 1 68 67
note 4133 4150 2 42 58
note 4139 4145 1 72 67
note 4133 4139 1 75 68
note 4128 4133 2 63 98
note 4128 4133 2 59 95
note 4128 4133 2 53 95
note 4128 4133 1 80 73
note 4115 4127 2 41 83
note 4115 4127 1 82 98
note 4110 4114 1 71 79
note 4096 4113 2 37 62
note 4096 4109 1 70 72
note 4092 4096 2 59 92
note 4092 4096 2 53 93
note 4092 4096 1 73 69
note 4092 4096 1 63 71
note 4078 4091 2 40 60
note 4078 4091 1 75 72
note 4074 4078 2 65 94
note 4074 4078 2 61 94
note 4074 4078 2 55 96
note 4074 4078 1 77 71
note 4069 4073 1 79 71
note 4060 4072 2 39 82
note 4055 4068 1 82 77
note 4060 4068 1 78 80
note 4055 4059 1 77 77
note 4042 4058 2 38 67
note 4042 4055 1 82 77
note 4042 4055 1 77 78
note 4023 4040 2 41 62
note 4023 4040 1 82 78
note 4023 4040 1 79 81
note 4019 4023 2 65 94
note 4019 4023 2 61 96
note 4019 4023 2 55 95
note 3987 4022 1 82 70
note 4005 4017 2 39 68
note 3996 4014 1 79 75
note 3987 4003 2 43 58
note 3991 3995 1 78 74
note 3987 3991 1 77 69
note 3982 3986 2 65 95
note 3982 3986 2 61 97
note 3982 3986 2 55 95
note 3968 3981 2 41 81
note 3968 3978 1 82 85
note 3968 3978 1 77 84
note 3950 3967 2 39 62
note 3950 3967 1 82 77
note 3950 3967 1 79 79
note 3946 3950 2 65 92
note 3946 3950 2 61 92
note 3946 3950 2 55 91
note 3914 3949 1 82 100
note 3941 3945 2 43 57
note 3923 3941 2 66 101
note 3923 3941 2 62 100
note 3923 3941 2 56 101
note 3926 3941 1 79 76
note 3920 3925 1 78 77
note 3914 3922 2 44 60
note 3914 3919 1 77 98
note 3909 3913 2 56 90
note 3909 3913 1 66 69
note 3909 3913 1 62 69
note 3895 3908 2 46 61
note 3877 3891 1 66 61
note 3877 3891 1 62 58
note 3877 3886 2 56 91
note 3877 3886 2 47 88
note 3859 3875 2 48 59
note 3840 3873 1 79 82
note 3854 3858 2 65 91
note 3854 3858 2 61 93
note 3854 3858 2 55 92
note 3840 3853 2 49 62
note 3836 3840 2 61 94
note 3836 3840 2 55 94
note 3828 3840 1 75 66
note 3834 3840 1 65 76
note 3822 3835 2 50 74
note 3818 3828 1 79 85
note 3804 3820 2 51 64
note 3804 3816 1 75 90
note 3799 3803 2 61 95
note 3799 3803 2 55 92
note 3799 3803 1 70 77
note 3799 3803 1 65 76
note 3786 3798 2 49 59
note 3786 3798 1 67 58
note 3781 3785 2 63 96
note 3781 3785 2 59 97
note 3781 3785 2 53 96
note 3781 3785 1 80 75
note 3767 3780 2 44 86
note 3767 3780 1 82 96
note 3763 3767 1 71 77
note 3749 3766 2 41 82
note 3749 3761 1 70 75
note 3731 3747 2 37 60
note 3731 3747 1 73 94
note 3726 3730 2 59 94
note 3726 3730 2 53 96
note 3726 3730 1 63 67
note 3712 3725 2 36 69
note 3712 3722 1 68 75
note 3708 3712 1 72 63
note 3694 3711 2 40 56
note 3694 3707 1 77 70
note 3690 3694 2 62 95
note 3690 3694 2 58 95
note 3690 3694 2 52 96
note 3676 3688 2 36 75
note 3667 3685 1 76 75
note 3658 3674 2 36 60
note 3658 3662 1 75 83
note 3653 3657 2 58 93
note 3653 3657 2 52 96
note 3651 3657 1 72 64
note 3651 3657 1 62 60
note 3639 3652 2 36 64
note 3645 3651 1 79 79
note 3639 3645 1 78 82
note 3633 3639 1 77 82
note 3621 3638 2 41 59
note 3627 3633 1 76 82
note 3621 3627 1 75 83
note 3616 3621 2 59 92
note 3616 3621 2 53 91
note 3603 3621 2 46 83
note 3616 3621 1 72 67
note 3616 3621 1 63 68
note 3584 3611 2 59 97
note 3584 3611 2 53 100
note 3584 3601 2 44 99
note 3584 3598 1 63 73
note 3566 3583 2 46 68
note 3562 3566 1 68 62
note 3548 3564 2 47 58
note 3548 3560 1 73 72
note 3543 3547 2 63 96
note 3543 3547 2 59 98
note 3543 3547 2 53 96
note 3530 3542 2 49 76
note 3530 3539 1 77 88
note 3511 3528 2 49 64
note 3511 3528 1 77 95
note 3507 3511 2 59 90
note 3507 3511 2 53 92
note 3507 3511 1 63 56
note 3493 3505 2 51 81
note 3488 3500 1 75 69
note 3475 3491 2 48 59
note 3475 3487 1 79 92
note 3470 3474 2 61 95
note 3470 3474 2 55 94
note 3470 3474 1 75 95
note 3470 3474 1 65 94
note 3456 3469 2 46 65
note 3452 3463 1 65 66
note 3452 3463 1 61 67
note 3452 3456 2 55 91
note 3438 3451 2 46 65
note 3438 3451 1 70 89
note 3434 3438 2 55 95
note 3434 3438 1 65 67
note 3434 3438 1 61 68
note 3420 3432 2 45 78
note 3420 3429 1 67 74
note 3415 3419 1 70 63
note 3402 3418 2 44 58
note 3402 3414 1 75 73
note 3397 3401 2 65 98
note 3397 3401 2 61 95
note 3397 3401 2 55 96
note 3383 3396 2 43 83
note 3383 3392 1 79 89
note 3365 3382 2 39 58
note 3365 3382 1 79 96
note 3360 3365 2 61 67
note 3360 3365 2 55 68
note 3360 3365 1 65 67
note 3347 3356 1 75 102
note 3342 3346 2 62 70
note 3342 3346 2 56 69
note 3342 3346 1 66 68
note 3328 3338 1 75 77
note 3283 3291 2 32 61
note 3182 3288 1 70 77
note 3182 3288 1 63 76
note 3264 3281 2 41 82
note 3255 3264 2 39 91
note 3246 3254 2 32 59
note 3237 3245 2 41 84
note 3228 3236 2 39 88
note 3210 3227 2 32 58
note 3191 3208 2 44 87
note 3182 3190 2 39 89
note 3173 3181 2 32 57
note 3173 3181 1 70 80
note 3173 3181 1 63 79
note 3164 3172 2 44 91
note 3136 3170 1 68 70
note 3136 3170 1 60 71
note 3155 3163 2 39 89
note 3136 3154 2 32 54
note 3036 3136 1 70 74
note 3036 3136 1 63 75
note 3118 3135 2 44 83
note 3109 3117 2 42 90
note 3100 3108 2 35 58
note 3091 3099 2 44 84
note 3082 3090 2 42 89
note 3063 3081 2 35 56
note 3045 3062 2 47 88
note 3036 3044 2 42 88
note 3027 3035 2 35 56
note 3027 3035 1 70 81
note 3027 3035 1 63 79
note 3018 3026 2 47 91
note 2990 3024 1 68 72
note 2990 3024 1 63 73
note 3008 3017 2 42 88
note 2990 3008 2 35 64
note 2890 2989 1 70 77
note 2890 2989 1 63 77
note 2972 2988 2 41 83
note 2963 2971 2 39 90
note 2954 2962 2 32 60
note 2944 2953 2 41 88
note 2935 2944 2 39 88
note 2917 2934 2 32 58
note 2899 2915 2 44 86
note 2890 2898 2 39 90
note 2880 2889 2 32 58
note 2880 2889 1 70 79
note 2880 2889 1 63 81
note 2871 2880 2 44 90
note 2844 2878 1 68 70
note 2844 2878 1 60 70
note 2862 2870 2 39 87
note 2844 2861 2 32 57
note 2743 2843 1 70 74
note 2743 2843 1 63 76
note 2826 2842 2 44 82
note 2816 2825 2 42 88
note 2807 2816 2 35 60
note 2798 2806 2 44 86
note 2789 2797 2 42 88
note 2771 2788 2 35 59
note 2752 2769 2 47 88
note 2743 2752 2 42 89
note 2734 2742 2 35 59
note 2734 2742 1 70 79
note 2734 2742 1 63 81
note 2725 2733 2 47 92
note 2698 2731 1 68 76
note 2698 2731 1 63 76
note 2716 2724 2 42 91
note 2698 2715 2 35 67
note 2679 2696 2 41 81
note 2661 2695 1 68 70
note 2661 2695 1 60 72
note 2670 2678 2 39 91
note 2661 2669 2 32 59
note 2652 2660 2 41 85
note 2634 2658 1 70 84
note 2634 2658 1 63 81
note 2643 2651 2 39 88
note 2624 2642 2 32 58
note 2615 2632 1 68 71
note 2615 2632 1 60 71
note 2606 2623 2 44 86
note 2606 2614 1 70 72
note 2606 2614 1 63 72
note 2597 2605 2 39 88
note 2597 2605 1 72 77
note 2597 2605 1 68 80
note 2588 2596 2 32 58
note 2579 2595 1 72 83
note 2579 2595 1 68 80
note 2579 2587 2 44 89
note 2570 2578 2 39 88
note 2570 2578 1 70 81
note 2570 2578 1 63 81
note 2551 2569 2 32 58
note 2551 2569 1 68 66
note 2551 2569 1 60 65
note 2451 2550 1 72 74
note 2451 2550 1 68 74
note 2533 2550 2 41 81
note 2524 2532 2 39 88
note 2515 2523 2 32 58
note 2506 2514 2 41 87
note 2496 2505 2 39 88
note 2478 2496 2 32 57
note 2460 2476 2 44 85
note 2451 2459 2 39 89
note 2442 2450 2 32 55
note 2432 2449 1 72 80
note 2432 2449 1 68 81
note 2432 2441 2 44 93
note 2423 2432 2 39 88
note 2423 2432 1 70 79
note 2423 2432 1 63 80
note 2405 2422 2 32 59
note 2405 2422 1 68 76
note 2405 2422 1 60 76
note 2387 2403 2 41 82
note 2332 2402 1 68 74
note 2332 2402 1 60 76
note 2378 2386 2 39 89
note 2368 2377 2 32 61
note 2359 2368 2 41 87
note 2341 2366 1 70 83
note 2341 2366 1 63 84
note 2350 2358 2 39 90
note 2332 2349 2 32 60
note 2195 2331 1 68 58
note 2195 2331 1 63 60
note 2314 2330 2 41 83
note 2304 2313 2 39 90
note 2295 2304 2 32 60
note 2286 2294 2 41 85
note 2277 2285 2 39 87
note 2259 2276 2 32 57
note 2240 2257 2 44 89
note 2231 2240 2 39 87
note 2222 2230 2 32 59
note 2213 2221 2 44 90
note 2204 2212 2 39 86
note 2195 2203 2 32 66
note 2186 2194 2 39 69
note 2176 2193 1 80 76
note 2176 2193 1 75 76
note 2167 2176 1 80 75
note 2167 2176 1 77 77
note 2158 2166 1 80 79
note 2158 2166 1 77 78
note 2149 2157 1 80 78
note 2149 2157 1 75 74
note 2140 2148 1 80 84
note 2140 2148 1 77 83
note 2131 2139 1 77 70
note 2122 2130 1 80 80
note 2122 2130 1 75 80
note 2112 2121 1 80 82
note 2112 2121 1 77 80
note 2103 2112 1 77 70
note 2094 2102 1 80 62
note 2094 2102 1 75 63
note 2076 2090 2 51 80
note 2076 2090 2 39 78
note 2076 2090 1 87 80
note 2076 2090 1 80 78
note 2076 2090 1 75 79
note 2067 2075 2 49 80
note 2067 2075 2 37 78
note 2067 2075 1 85 80
note 2067 2075 1 80 77
note 2067 2075 1 77 80
note 2067 2075 1 73 79
note 2058 2066 2 49 76
note 2058 2066 2 37 75
note 2058 2066 1 85 75
note 2058 2066 1 80 79
note 2058 2066 1 77 76
note 2058 2066 1 73 75
note 2048 2057 2 49 67
note 2048 2057 2 37 67
note 2048 2057 1 85 90
note 2048 2057 1 80 90
note 2048 2057 1 77 90
note 2048 2057 1 73 90
note 2039 2048 2 53 66
note 2039 2048 2 41 67
note 2030 2047 1 80 74
note 2030 2047 1 75 74
note 2021 2029 1 80 77
note 2021 2029 1 77 76
note 2012 2020 1 80 80
note 2012 2020 1 77 78
note 2003 2011 1 80 76
note 2003 2011 1 75 75
note 1994 2002 1 80 82
note 1994 2002 1 77 85
note 1984 1993 1 77 68
note 1975 1984 1 80 80
note 1975 1984 1 75 80
note 1966 1974 1 80 80
note 1966 1974 1 77 81
note 1957 1965 1 77 69
note 1948 1956 1 80 61
note 1948 1956 1 75 63
note 1930 1943 2 51 79
note 1930 1943 2 39 80
note 1930 1943 1 87 82
note 1930 1943 1 80 80
note 1930 1943 1 75 80
note 1920 1929 2 49 79
note 1920 1929 2 37 79
note 1920 1929 1 85 79
note 1920 1929 1 80 79
note 1920 1929 1 77 79
note 1920 1929 1 73 79
note 1911 1920 2 49 73
note 1911 1920 2 37 75
note 1911 1920 1 85 76
note 1911 1920 1 80 76
note 1911 1920 1 77 78
note 1911 1920 1 73 78
note 1902 1910 2 49 70
note 1902 1910 2 37 69
note 1902 1910 1 85 90
note 1902 1910 1 80 89
note 1902 1910 1 77 88
note 1902 1910 1 73 90
note 1893 1901 2 53 67
note 1893 1901 2 41 69
note 1884 1900 1 80 77
note 1884 1900 1 75 78
note 1875 1883 1 80 78
note 1875 1883 1 77 75
note 1866 1874 1 80 79
note 1866 1874 1 77 80
note 1856 1865 1 80 76
note 1856 1865 1 75 76
note 1847 1856 1 80 84
note 1847 1856 1 77 84
note 1838 1846 1 77 67
note 1829 1837 1 80 79
note 1829 1837 1 75 79
note 1820 1828 1 80 79
note 1820 1828 1 77 81
note 1811 1819 1 77 69
note 1802 1810 1 80 61
note 1802 1810 1 75 63
note 1783 1797 2 51 81
note 1783 1797 2 39 81
note 1783 1797 1 87 80
note 1783 1797 1 80 80
note 1783 1797 1 75 80
note 1774 1782 2 49 79
note 1774 1782 2 37 79
note 1774 1782 1 85 79
note 1774 1782 1 80 79
note 1774 1782 1 77 78
note 1774 1782 1 73 79
note 1765 1773 2 49 79
note 1765 1773 2 37 79
note 1765 1773 1 85 80
note 1765 1773 1 80 80
note 1765 1773 1 77 81
note 1765 1773 1 73 79
note 1756 1764 2 49 96
note 1756 1764 2 37 99
note 1756 1764 1 85 99
note 1756 1764 1 80 99
note 1756 1764 1 77 98
note 1756 1764 1 73 101
note 1747 1755 2 32 59
note 1747 1755 1 68 72
note 1646 1746 1 70 77
note 1646 1746 1 63 76
note 1728 1745 2 41 82
note 1719 1728 2 39 89
note 1710 1718 2 32 60
note 1701 1709 2 41 86
note 1692 1700 2 39 90
note 1674 1691 2 32 58
note 1655 1672 2 44 85
note 1646 1654 2 39 90
note 1637 1645 2 32 58
note 1637 1645 1 70 79
note 1637 1645 1 63 81
note 1628 1636 2 44 89
note 1600 1634 1 68 72
note 1600 1634 1 60 71
note 1619 1627 2 39 90
note 1600 1618 2 32 56
note 1500 1600 1 70 76
note 1500 1600 1 63 76
note 1582 1599 2 44 83
note 1573 1581 2 42 92
note 1564 1572 2 35 59
note 1555 1563 2 44 85
note 1546 1554 2 42 87
note 1527 1545 2 35 57
note 1509 1526 2 47 88
note 1500 1508 2 42 89
note 1491 1499 2 35 59
note 1491 1499 1 70 81
note 1491 1499 1 63 81
note 1482 1490 2 47 91
note 1454 1488 1 68 75
note 1454 1488 1 63 76
note 1472 1481 2 42 90
note 1454 1472 2 35 64
note 1436 1452 2 41 83
note 1418 1451 1 68 72
note 1418 1451 1 60 72
note 1427 1435 2 39 89
note 1418 1426 2 32 61
note 1408 1417 2 41 88
note 1390 1415 1 70 84
note 1390 1415 1 63 81
note 1399 1408 2 39 90
note 1381 1398 2 32 56
note 1372 1388 1 68 71
note 1372 1388 1 60 71
note 1363 1379 2 44 85
note 1363 1371 1 70 72
note 1363 1371 1 63 73
note 1354 1362 2 39 90
note 1354 1362 1 72 78
note 1354 1362 1 68 78
note 1344 1353 2 32 56
note 1335 1352 1 72 81
note 1335 1352 1 68 80
note 1335 1344 2 44 92
note 1326 1334 2 39 90
note 1326 1334 1 70 79
note 1326 1334 1 63 79
note 1308 1325 2 32 61
note 1308 1325 1 68 68
note 1308 1325 1 60 66
note 1207 1307 1 72 77
note 1207 1307 1 68 74
note 1290 1306 2 41 81
note 1280 1289 2 39 92
note 1271 1280 2 32 58
note 1262 1270 2 41 87
note 1253 1261 2 39 89
note 1235 1252 2 32 56
note 1216 1233 2 44 88
note 1207 1216 2 39 88
note 1198 1206 2 32 58
note 1189 1206 1 72 80
note 1189 1206 1 68 80
note 1189 1197 2 44 92
note 1180 1188 2 39 91
note 1180 1188 1 70 80
note 1180 1188 1 63 78
note 1162 1179 2 32 61
note 1162 1179 1 68 75
note 1162 1179 1 60 78
note 1143 1160 2 41 81
note 1125 1159 1 68 71
note 1125 1159 1 60 73
note 1134 1142 2 39 88
note 1125 1133 2 32 61
note 1116 1124 2 41 85
note 1098 1122 1 70 83
note 1098 1122 1 63 83
note 1107 1115 2 39 88
note 1088 1106 2 32 56
note 1079 1096 1 68 69
note 1079 1096 1 60 69
note 1070 1087 2 44 87
note 1070 1078 1 70 73
note 1070 1078 1 63 70
note 1061 1069 2 39 91
note 1061 1069 1 72 81
note 1061 1069 1 68 79
note 1052 1060 2 32 55
note 1043 1059 1 72 81
note 1043 1059 1 68 80
note 1043 1051 2 44 93
note 1034 1042 2 39 89
note 1034 1042 1 70 81
note 1034 1042 1 63 80
note 1015 1033 2 32 62
note 1015 1033 1 68 73
note 1015 1033 1 60 72
note 915 1014 1 70 74
note 915 1014 1 63 76
note 997 1014 2 41 82
note 988 996 2 39 90
note 979 987 2 32 58
note 970 978 2 41 88
note 960 969 2 39 90
note 942 960 2 32 57
note 924 940 2 44 86
note 915 923 2 39 88
note 906 914 2 32 57
note 906 914 1 70 78
note 906 914 1 63 80
note 896 905 2 44 91
note 869 903 1 68 71
note 869 903 1 60 72
note 887 896 2 39 89
note 869 886 2 32 57
note 768 868 1 70 77
note 768 868 1 63 77
note 851 867 2 44 83
note 842 850 2 42 92
note 832 841 2 35 62
note 823 832 2 44 85
note 814 822 2 42 91
note 796 813 2 35 55
note 778 794 2 47 88
note 768 777 2 42 90
note 759 768 2 35 57
note 759 768 1 70 81
note 759 768 1 63 79
note 750 758 2 47 92
note 723 757 1 68 76
note 723 757 1 63 75
note 741 749 2 42 87
note 723 740 2 35 65
note 704 721 2 41 80
note 686 720 1 68 71
note 686 720 1 60 71
note 695 704 2 39 90
note 686 694 2 32 61
note 677 685 2 41 86
note 659 683 1 70 81
note 659 683 1 63 83
note 668 676 2 39 88
note 650 667 2 32 56
note 640 657 1 68 69
note 640 657 1 60 69
note 631 648 2 44 88
note 631 640 1 70 70
note 631 640 1 63 71
note 622 630 2 39 88
note 622 630 1 72 80
note 622 630 1 68 79
note 613 621 2 32 56
note 604 620 1 72 80
note 604 620 1 68 80
note 604 612 2 44 92
note 595 603 2 39 90
note 595 603 1 70 80
note 595 603 1 63 78
note 576 594 2 32 59
note 576 594 1 68 69
note 576 594 1 60 65
note 476 576 1 72 76
note 476 576 1 68 76
note 558 575 2 41 84
note 549 557 2 39 90
note 540 548 2 32 61
note 531 539 2 41 85
note 522 530 2 39 88
note 503 521 2 32 59
note 485 502 2 44 88
note 476 484 2 39 90
note 467 475 2 32 58
note 458 474 1 72 83
note 458 474 1 68 82
note 458 466 2 44 91
note 448 457 2 39 88
note 448 457 1 70 81
note 448 457 1 63 80
note 430 448 2 32 59
note 430 448 1 68 75
note 430 448 1 60 77
note 412 428 2 41 81
note 394 427 1 68 71
note 394 427 1 60 73
note 403 411 2 39 91
note 394 402 2 32 58
note 384 393 2 41 85
note 366 391 1 70 82
note 366 391 1 63 83
note 375 384 2 39 90
note 357 374 2 32 58
note 348 364 1 68 72
note 348 364 1 60 69
note 339 355 2 44 86
note 339 347 1 70 69
note 339 347 1 63 70
note 330 338 2 39 89
note 330 338 1 72 81
note 330 338 1 68 78
note 320 329 2 32 56
note 311 328 1 72 81
note 311 328 1 68 82
note 311 320 2 44 90
note 302 310 2 39 89
note 302 310 1 70 80
note 302 310 1 63 78
note 284 301 2 32 62
note 284 301 1 68 67
note 284 301 1 60 68
note 266 282 2 41 81
note 256 265 2 39 92
note 247 256 2 32 59
note 238 246 2 41 86
note 229 237 2 39 91
note 211 228 2 32 56
note 192 209 2 44 86
note 183 192 2 39 87
note 174 182 2 32 57
note 165 173 2 44 90
note 156 164 2 39 90
note 138 155 2 32 58
note 119 136 2 41 81
note 110 118 2 39 92
note 101 109 2 32 61
note 92 100 2 41 87
note 83 91 2 39 88
note 64 82 2 32 57
note 46 63 2 44 87
note 37 45 2 39 90
note 28 36 2 32 58
note 19 27 2 44 91
note 10 18 2 39 88
note 0 9 2 32 70
