tempo 200000
note 0 2 1 64 72
note 0 7 1 55 70
note 2 4 1 62 72
note 4 6 1 60 71
note 6 8 1 62 79
note 8 15 1 55 79
note 8 10 1 64 85
note 10 12 1 64 78
note 12 15 1 64 74
note 16 24 1 55 77
note 16 18 1 62 75
note 18 20 1 62 77
note 20 24 1 62 75
note 24 26 1 55 79
note 24 26 1 64 82
note 26 28 1 67 84
note 28 32 1 67 75
note 32 40 1 55 78
note 32 34 1 64 73
note 34 36 1 62 69
note 36 38 1 60 71
note 38 40 1 62 80
note 40 48 1 55 79
note 40 42 1 64 84
note 42 44 1 64 76
note 44 46 1 64 74
note 46 48 1 64 77
note 48 56 1 55 78
note 48 50 1 62 75
note 50 52 1 62 74
note 52 54 1 64 81
note 54 56 1 62 70
note 56 64 1 52 72
note 56 64 1 60 73
