tempo 111600
note 0 4 1 76 127
note 4 6 1 71 127
note 6 8 1 72 127
note 8 10 1 74 127
note 10 11 1 76 127
note 11 12 1 74 127
note 12 14 1 72 127
note 14 16 1 71 127
note 16 20 1 69 127
note 20 22 1 69 127
note 22 24 1 72 127
note 24 28 1 76 127
note 28 30 1 74 127
note 30 32 1 72 127
note 32 38 1 71 127
note 38 40 1 72 127
note 40 44 1 74 127
note 44 48 1 76 127
note 48 52 1 72 127
note 52 56 1 69 127
note 56 64 1 69 127
note 66 70 1 74 127
note 70 72 1 77 127
note 72 76 1 81 127
note 76 78 1 79 127
note 78 80 1 77 127
note 80 86 1 76 127
note 86 88 1 72 127
note 88 92 1 76 127
note 92 94 1 74 127
note 94 96 1 72 127
note 96 100 1 71 127
note 100 102 1 71 127
note 102 104 1 72 127
note 104 108 1 74 127
note 108 112 1 76 127
note 112 116 1 72 127
note 116 120 1 69 127
note 120 124 1 69 127
note 128 132 1 76 127
note 132 134 1 71 127
note 134 136 1 72 127
note 136 138 1 74 127
note 138 139 1 76 127
note 139 140 1 74 127
note 140 142 1 72 127
note 142 144 1 71 127
note 144 148 1 69 127
note 148 150 1 69 127
note 150 152 1 72 127
note 152 156 1 76 127
note 156 158 1 74 127
note 158 160 1 72 127
note 160 166 1 71 127
note 166 168 1 72 127
note 168 172 1 74 127
note 172 176 1 76 127
note 176 180 1 72 127
note 180 184 1 69 127
note 184 192 1 69 127
note 194 198 1 74 127
note 198 200 1 77 127
note 200 204 1 81 127
note 204 206 1 79 127
note 206 208 1 77 127
note 208 214 1 76 127
note 214 216 1 72 127
note 216 220 1 76 127
note 220 222 1 74 127
note 222 224 1 72 127
note 224 228 1 71 127
note 228 230 1 71 127
note 230 232 1 72 127
note 232 236 1 74 127
note 236 240 1 76 127
note 240 244 1 72 127
note 244 248 1 69 127
note 248 252 1 69 127
note 256 264 1 64 127
note 264 272 1 60 127
note 272 280 1 62 127
note 280 288 1 59 127
note 288 296 1 60 127
note 296 304 1 57 127
note 304 312 1 56 127
note 312 316 1 59 127
note 320 328 1 64 127
note 328 336 1 60 127
note 336 344 1 62 127
note 344 352 1 59 127
note 352 356 1 60 127
note 356 360 1 64 127
note 360 368 1 69 127
note 368 376 1 68 127
note 384 388 1 76 127
note 388 390 1 71 127
note 390 392 1 72 127
note 392 394 1 74 127
note 394 395 1 76 127
note 395 396 1 74 127
note 396 398 1 72 127
note 398 400 1 71 127
note 400 404 1 69 127
note 404 406 1 69 127
note 406 408 1 72 127
note 408 412 1 76 127
note 412 414 1 74 127
note 414 416 1 72 127
note 416 422 1 71 127
note 422 424 1 72 127
note 424 428 1 74 127
note 428 432 1 76 127
note 432 436 1 72 127
note 436 440 1 69 127
note 440 448 1 69 127
note 450 454 1 74 127
note 454 456 1 77 127
note 456 460 1 81 127
note 460 462 1 79 127
note 462 464 1 77 127
note 464 470 1 76 127
note 470 472 1 72 127
note 472 476 1 76 127
note 476 478 1 74 127
note 478 480 1 72 127
note 480 484 1 71 127
note 484 486 1 71 127
note 486 488 1 72 127
note 488 492 1 74 127
note 492 496 1 76 127
note 496 500 1 72 127
note 500 504 1 69 127
note 504 508 1 69 127
note 512 516 1 76 127
note 516 518 1 71 127
note 518 520 1 72 127
note 520 522 1 74 127
note 522 523 1 76 127
note 523 524 1 74 127
note 524 526 1 72 127
note 526 528 1 71 127
note 528 532 1 69 127
note 532 534 1 69 127
note 534 536 1 72 127
note 536 540 1 76 127
note 540 542 1 74 127
note 542 544 1 72 127
note 544 550 1 71 127
note 550 552 1 72 127
note 552 556 1 74 127
note 556 560 1 76 127
note 560 564 1 72 127
note 564 568 1 69 127
note 568 576 1 69 127
note 578 582 1 74 127
note 582 584 1 77 127
note 584 588 1 81 127
note 588 590 1 79 127
note 590 592 1 77 127
note 592 598 1 76 127
note 598 600 1 72 127
note 600 604 1 76 127
note 604 606 1 74 127
note 606 608 1 72 127
note 608 612 1 71 127
note 612 614 1 71 127
note 614 616 1 72 127
note 616 620 1 74 127
note 620 624 1 76 127
note 624 628 1 72 127
note 628 632 1 69 127
note 632 636 1 69 127
note 0 4 2 71 127
note 4 6 2 68 127
note 6 8 2 69 127
note 8 12 2 71 127
note 12 14 2 69 127
note 14 16 2 68 127
note 16 20 2 64 127
note 20 22 2 64 127
note 22 24 2 69 127
note 24 28 2 72 127
note 28 30 2 71 127
note 30 32 2 69 127
note 32 34 2 68 127
note 34 36 2 64 127
note 36 38 2 68 127
note 38 40 2 69 127
note 40 44 2 71 127
note 44 48 2 72 127
note 48 52 2 69 127
note 52 56 2 64 127
note 56 64 2 64 127
note 66 70 2 65 127
note 70 72 2 69 127
note 72 74 2 72 127
note 74 75 2 72 127
note 75 76 2 72 127
note 76 78 2 71 127
note 78 80 2 69 127
note 80 86 2 67 127
note 86 88 2 64 127
note 88 90 2 67 127
note 90 91 2 69 127
note 91 92 2 67 127
note 92 94 2 65 127
note 94 96 2 64 127
note 96 98 2 68 127
note 98 100 2 64 127
note 100 102 2 68 127
note 102 104 2 69 127
note 104 106 2 71 127
note 106 108 2 68 127
note 108 110 2 72 127
note 110 112 2 68 127
note 112 114 2 69 127
note 114 116 2 64 127
note 116 120 2 64 127
note 120 124 2 64 127
note 128 132 2 71 127
note 132 134 2 68 127
note 134 136 2 69 127
note 136 140 2 71 127
note 140 142 2 69 127
note 142 144 2 68 127
note 144 148 2 64 127
note 148 150 2 64 127
note 150 152 2 69 127
note 152 156 2 72 127
note 156 158 2 71 127
note 158 160 2 69 127
note 160 162 2 68 127
note 162 164 2 64 127
note 164 166 2 68 127
note 166 168 2 69 127
note 168 172 2 71 127
note 172 176 2 72 127
note 176 180 2 69 127
note 180 184 2 64 127
note 184 192 2 64 127
note 194 198 2 65 127
note 198 200 2 69 127
note 200 202 2 72 127
note 202 203 2 72 127
note 203 204 2 72 127
note 204 206 2 71 127
note 206 208 2 69 127
note 208 214 2 67 127
note 214 216 2 64 127
note 216 218 2 67 127
note 218 219 2 69 127
note 219 220 2 67 127
note 220 222 2 65 127
note 222 224 2 64 127
note 224 226 2 68 127
note 226 228 2 64 127
note 228 230 2 68 127
note 230 232 2 69 127
note 232 234 2 71 127
note 234 236 2 68 127
note 236 238 2 72 127
note 238 240 2 68 127
note 240 242 2 69 127
note 242 244 2 64 127
note 244 248 2 64 127
note 248 252 2 64 127
note 256 264 2 60 127
note 264 272 2 57 127
note 272 280 2 59 127
note 280 288 2 56 127
note 288 296 2 57 127
note 296 304 2 52 127
note 304 312 2 52 127
note 312 316 2 56 127
note 320 328 2 60 127
note 328 336 2 57 127
note 336 344 2 59 127
note 344 352 2 56 127
note 352 356 2 57 127
note 356 360 2 60 127
note 360 368 2 64 127
note 368 376 2 62 127
note 384 388 2 71 127
note 388 390 2 68 127
note 390 392 2 69 127
note 392 396 2 71 127
note 396 398 2 69 127
note 398 400 2 68 127
note 400 404 2 64 127
note 404 406 2 64 127
note 406 408 2 69 127
note 408 412 2 72 127
note 412 414 2 71 127
note 414 416 2 69 127
note 416 418 2 68 127
note 418 420 2 64 127
note 420 422 2 68 127
note 422 424 2 69 127
note 424 428 2 71 127
note 428 432 2 72 127
note 432 436 2 69 127
note 436 440 2 64 127
note 440 448 2 64 127
note 450 454 2 65 127
note 454 456 2 69 127
note 456 458 2 72 127
note 458 459 2 72 127
note 459 460 2 72 127
note 460 462 2 71 127
note 462 464 2 69 127
note 464 470 2 67 127
note 470 472 2 64 127
note 472 474 2 67 127
note 474 475 2 69 127
note 475 476 2 67 127
note 476 478 2 65 127
note 478 480 2 64 127
note 480 482 2 68 127
note 482 484 2 64 127
note 484 486 2 68 127
note 486 488 2 69 127
note 488 490 2 71 127
note 490 492 2 68 127
note 492 494 2 72 127
note 494 496 2 68 127
note 496 498 2 69 127
note 498 500 2 64 127
note 500 504 2 64 127
note 504 508 2 64 127
note 512 516 2 71 127
note 516 518 2 68 127
note 518 520 2 69 127
note 520 524 2 71 127
note 524 526 2 69 127
note 526 528 2 68 127
note 528 532 2 64 127
note 532 534 2 64 127
note 534 536 2 69 127
note 536 540 2 72 127
note 540 542 2 71 127
note 542 544 2 69 127
note 544 546 2 68 127
note 546 548 2 64 127
note 548 550 2 68 127
note 550 552 2 69 127
note 552 556 2 71 127
note 556 560 2 72 127
note 560 564 2 69 127
note 564 568 2 64 127
note 568 576 2 64 127
note 578 582 2 65 127
note 582 584 2 69 127
note 584 586 2 72 127
note 586 587 2 72 127
note 587 588 2 72 127
note 588 590 2 71 127
note 590 592 2 69 127
note 592 598 2 67 127
note 598 600 2 64 127
note 600 602 2 67 127
note 602 603 2 69 127
note 603 604 2 67 127
note 604 606 2 65 127
note 606 608 2 64 127
note 608 610 2 68 127
note 610 612 2 64 127
note 612 614 2 68 127
note 614 616 2 69 127
note 616 618 2 71 127
note 618 620 2 68 127
note 620 622 2 72 127
note 622 624 2 68 127
note 624 626 2 69 127
note 626 628 2 64 127
note 628 632 2 64 127
note 632 636 2 64 127
note 0 2 5 40 127
note 2 4 5 52 127
note 4 6 5 40 127
note 6 8 5 52 127
note 8 10 5 40 127
note 10 12 5 52 127
note 12 14 5 40 127
note 14 16 5 52 127
note 16 18 5 45 127
note 18 20 5 57 127
note 20 22 5 45 127
note 22 24 5 57 127
note 24 26 5 45 127
note 26 28 5 57 127
note 28 30 5 45 127
note 30 32 5 57 127
note 32 34 5 44 127
note 34 36 5 56 127
note 36 38 5 44 127
note 38 40 5 56 127
note 40 42 5 40 127
note 42 44 5 52 127
note 44 46 5 40 127
note 46 48 5 52 127
note 48 50 5 45 127
note 50 52 5 57 127
note 52 54 5 45 127
note 54 56 5 57 127
note 56 58 5 45 127
note 58 60 5 57 127
note 60 62 5 47 127
note 62 64 5 48 127
note 64 66 5 50 127
note 66 68 5 38 127
note 70 72 5 38 127
note 74 76 5 38 127
note 76 78 5 45 127
note 78 80 5 41 127
note 80 82 5 36 127
note 82 84 5 48 127
note 86 88 5 48 127
note 88 90 5 36 127
note 90 92 5 43 127
note 92 94 5 43 127
note 96 98 5 47 127
note 98 100 5 59 127
note 102 104 5 59 127
note 106 108 5 52 127
note 110 112 5 56 127
note 112 114 5 45 127
note 114 116 5 52 127
note 116 118 5 45 127
note 118 120 5 52 127
note 120 124 5 45 127
note 128 130 5 40 127
note 130 132 5 52 127
note 132 134 5 40 127
note 134 136 5 52 127
note 136 138 5 40 127
note 138 140 5 52 127
note 140 142 5 40 127
note 142 144 5 52 127
note 144 146 5 45 127
note 146 148 5 57 127
note 148 150 5 45 127
note 150 152 5 57 127
note 152 154 5 45 127
note 154 156 5 57 127
note 156 158 5 45 127
note 158 160 5 57 127
note 160 162 5 44 127
note 162 164 5 56 127
note 164 166 5 44 127
note 166 168 5 56 127
note 168 170 5 40 127
note 170 172 5 52 127
note 172 174 5 40 127
note 174 176 5 52 127
note 176 178 5 45 127
note 178 180 5 57 127
note 180 182 5 45 127
note 182 184 5 57 127
note 184 186 5 45 127
note 186 188 5 57 127
note 188 190 5 47 127
note 190 192 5 48 127
note 192 194 5 50 127
note 194 196 5 38 127
note 198 200 5 38 127
note 202 204 5 38 127
note 204 206 5 45 127
note 206 208 5 41 127
note 208 210 5 36 127
note 210 212 5 48 127
note 214 216 5 48 127
note 216 218 5 36 127
note 218 220 5 43 127
note 220 222 5 43 127
note 224 226 5 47 127
note 226 228 5 59 127
note 230 232 5 59 127
note 234 236 5 52 127
note 238 240 5 56 127
note 240 242 5 45 127
note 242 244 5 52 127
note 244 246 5 45 127
note 246 248 5 52 127
note 248 252 5 45 127
note 256 258 5 57 127
note 258 260 5 64 127
note 260 262 5 57 127
note 262 264 5 64 127
note 264 266 5 57 127
note 266 268 5 64 127
note 268 270 5 57 127
note 270 272 5 64 127
note 272 274 5 56 127
note 274 276 5 64 127
note 276 278 5 56 127
note 278 280 5 64 127
note 280 282 5 56 127
note 282 284 5 64 127
note 284 286 5 56 127
note 286 288 5 64 127
note 288 290 5 57 127
note 290 292 5 64 127
note 292 294 5 57 127
note 294 296 5 64 127
note 296 298 5 57 127
note 298 300 5 64 127
note 300 302 5 57 127
note 302 304 5 64 127
note 304 306 5 56 127
note 306 308 5 64 127
note 308 310 5 56 127
note 310 312 5 64 127
note 320 322 5 57 127
note 322 324 5 64 127
note 324 326 5 57 127
note 326 328 5 64 127
note 328 330 5 57 127
note 330 332 5 64 127
note 332 334 5 57 127
note 334 336 5 64 127
note 336 338 5 56 127
note 338 340 5 64 127
note 340 342 5 56 127
note 342 344 5 64 127
note 344 346 5 56 127
note 346 348 5 64 127
note 348 350 5 56 127
note 350 352 5 64 127
note 352 354 5 57 127
note 354 356 5 64 127
note 356 358 5 57 127
note 358 360 5 64 127
note 360 362 5 57 127
note 362 364 5 64 127
note 364 366 5 57 127
note 366 368 5 64 127
note 368 370 5 56 127
note 370 372 5 64 127
note 372 374 5 56 127
note 374 376 5 64 127
note 384 386 5 40 127
note 386 388 5 52 127
note 388 390 5 40 127
note 390 392 5 52 127
note 392 394 5 40 127
note 394 396 5 52 127
note 396 398 5 40 127
note 398 400 5 52 127
note 400 402 5 45 127
note 402 404 5 57 127
note 404 406 5 45 127
note 406 408 5 57 127
note 408 410 5 45 127
note 410 412 5 57 127
note 412 414 5 45 127
note 414 416 5 57 127
note 416 418 5 44 127
note 418 420 5 56 127
note 420 422 5 44 127
note 422 424 5 56 127
note 424 426 5 40 127
note 426 428 5 52 127
note 428 430 5 40 127
note 430 432 5 52 127
note 432 434 5 45 127
note 434 436 5 57 127
note 436 438 5 45 127
note 438 440 5 57 127
note 440 442 5 45 127
note 442 444 5 57 127
note 444 446 5 47 127
note 446 448 5 48 127
note 448 450 5 50 127
note 450 452 5 38 127
note 454 456 5 38 127
note 458 460 5 38 127
note 460 462 5 45 127
note 462 464 5 41 127
note 464 466 5 36 127
note 466 468 5 48 127
note 470 472 5 48 127
note 472 474 5 36 127
note 474 476 5 43 127
note 476 478 5 43 127
note 480 482 5 47 127
note 482 484 5 59 127
note 486 488 5 59 127
note 490 492 5 52 127
note 494 496 5 56 127
note 496 498 5 45 127
note 498 500 5 52 127
note 500 502 5 45 127
note 502 504 5 52 127
note 504 508 5 45 127
note 512 514 5 40 127
note 514 516 5 52 127
note 516 518 5 40 127
note 518 520 5 52 127
note 520 522 5 40 127
note 522 524 5 52 127
note 524 526 5 40 127
note 526 528 5 52 127
note 528 530 5 45 127
note 530 532 5 57 127
note 532 534 5 45 127
note 534 536 5 57 127
note 536 538 5 45 127
note 538 540 5 57 127
note 540 542 5 45 127
note 542 544 5 57 127
note 544 546 5 44 127
note 546 548 5 56 127
note 548 550 5 44 127
note 550 552 5 56 127
note 552 554 5 40 127
note 554 556 5 52 127
note 556 558 5 40 127
note 558 560 5 52 127
note 560 562 5 45 127
note 562 564 5 57 127
note 564 566 5 45 127
note 566 568 5 57 127
note 568 570 5 45 127
note 570 572 5 57 127
note 572 574 5 47 127
note 574 576 5 48 127
note 576 578 5 50 127
note 578 580 5 38 127
note 582 584 5 38 127
note 586 588 5 38 127
note 588 590 5 45 127
note 590 592 5 41 127
note 592 594 5 36 127
note 594 596 5 48 127
note 598 600 5 48 127
note 600 602 5 36 127
note 602 604 5 43 127
note 604 606 5 43 127
note 608 610 5 47 127
note 610 612 5 59 127
note 614 616 5 59 127
note 618 620 5 52 127
note 622 624 5 56 127
note 624 626 5 45 127
note 626 628 5 52 127
note 628 630 5 45 127
note 630 632 5 52 127
note 632 636 5 45 127
note 2 4 10 42 127
note 6 8 10 42 127
note 10 11 10 42 127
note 11 12 10 42 127
note 14 16 10 42 127
note 18 20 10 42 127
note 22 24 10 42 127
note 26 28 10 42 127
note 28 30 10 42 127
note 30 32 10 42 127
note 34 36 10 42 127
note 38 40 10 42 127
note 42 43 10 42 127
note 43 44 10 42 127
note 46 48 10 42 127
note 50 52 10 42 127
note 54 56 10 42 127
note 58 60 10 42 127
note 60 62 10 42 127
note 62 64 10 42 127
note 66 68 10 42 127
note 70 72 10 42 127
note 74 75 10 42 127
note 75 76 10 42 127
note 78 80 10 42 127
note 82 84 10 42 127
note 86 88 10 42 127
note 90 92 10 42 127
note 92 94 10 42 127
note 94 96 10 42 127
note 98 100 10 42 127
note 102 104 10 42 127
note 106 107 10 42 127
note 107 108 10 42 127
note 110 112 10 42 127
note 114 116 10 42 127
note 118 120 10 42 127
note 122 124 10 42 127
note 124 126 10 42 127
note 126 128 10 42 127
note 130 132 10 42 127
note 134 136 10 42 127
note 138 139 10 42 127
note 139 140 10 42 127
note 142 144 10 42 127
note 146 148 10 42 127
note 150 152 10 42 127
note 154 156 10 42 127
note 156 158 10 42 127
note 158 160 10 42 127
note 162 164 10 42 127
note 166 168 10 42 127
note 170 171 10 42 127
note 171 172 10 42 127
note 174 176 10 42 127
note 178 180 10 42 127
note 182 184 10 42 127
note 186 188 10 42 127
note 188 190 10 42 127
note 190 192 10 42 127
note 194 196 10 42 127
note 198 200 10 42 127
note 202 203 10 42 127
note 203 204 10 42 127
note 206 208 10 42 127
note 210 212 10 42 127
note 214 216 10 42 127
note 218 220 10 42 127
note 220 222 10 42 127
note 222 224 10 42 127
note 226 228 10 42 127
note 230 232 10 42 127
note 234 235 10 42 127
note 235 236 10 42 127
note 238 240 10 42 127
note 242 244 10 42 127
note 246 248 10 42 127
note 250 252 10 42 127
note 252 254 10 42 127
note 254 256 10 42 127
note 258 260 10 42 127
note 262 264 10 42 127
note 266 267 10 42 127
note 267 268 10 42 127
note 270 272 10 42 127
note 274 276 10 42 127
note 278 280 10 42 127
note 282 284 10 42 127
note 284 286 10 42 127
note 286 288 10 42 127
note 290 292 10 42 127
note 294 296 10 42 127
note 298 299 10 42 127
note 299 300 10 42 127
note 302 304 10 42 127
note 306 308 10 42 127
note 310 312 10 42 127
note 314 316 10 42 127
note 316 318 10 42 127
note 318 320 10 42 127
note 322 324 10 42 127
note 326 328 10 42 127
note 330 331 10 42 127
note 331 332 10 42 127
note 334 336 10 42 127
note 338 340 10 42 127
note 342 344 10 42 127
note 346 348 10 42 127
note 348 350 10 42 127
note 350 352 10 42 127
note 354 356 10 42 127
note 358 360 10 42 127
note 362 363 10 42 127
note 363 364 10 42 127
note 366 368 10 42 127
note 370 372 10 42 127
note 374 376 10 42 127
note 378 380 10 42 127
note 380 382 10 42 127
note 382 384 10 42 127
note 386 388 10 42 127
note 390 392 10 42 127
note 394 395 10 42 127
note 395 396 10 42 127
note 398 400 10 42 127
note 402 404 10 42 127
note 406 408 10 42 127
note 410 412 10 42 127
note 412 414 10 42 127
note 414 416 10 42 127
note 418 420 10 42 127
note 422 424 10 42 127
note 426 427 10 42 127
note 427 428 10 42 127
note 430 432 10 42 127
note 434 436 10 42 127
note 438 440 10 42 127
note 442 444 10 42 127
note 444 446 10 42 127
note 446 448 10 42 127
note 450 452 10 42 127
note 454 456 10 42 127
note 458 459 10 42 127
note 459 460 10 42 127
note 462 464 10 42 127
note 466 468 10 42 127
note 470 472 10 42 127
note 474 476 10 42 127
note 476 478 10 42 127
note 478 480 10 42 127
note 482 484 10 42 127
note 486 488 10 42 127
note 490 491 10 42 127
note 491 492 10 42 127
note 494 496 10 42 127
note 498 500 10 42 127
note 502 504 10 42 127
note 506 508 10 42 127
note 508 510 10 42 127
note 510 512 10 42 127
note 514 516 10 42 127
note 518 520 10 42 127
note 522 523 10 42 127
note 523 524 10 42 127
note 526 528 10 42 127
note 530 532 10 42 127
note 534 536 10 42 127
note 538 540 10 42 127
note 540 542 10 42 127
note 542 544 10 42 127
note 546 548 10 42 127
note 550 552 10 42 127
note 554 555 10 42 127
note 555 556 10 42 127
note 558 560 10 42 127
note 562 564 10 42 127
note 566 568 10 42 127
note 570 572 10 42 127
note 572 574 10 42 127
note 574 576 10 42 127
note 578 580 10 42 127
note 582 584 10 42 127
note 586 587 10 42 127
note 587 588 10 42 127
note 590 592 10 42 127
note 594 596 10 42 127
note 598 600 10 42 127
note 602 604 10 42 127
note 604 606 10 42 127
note 606 608 10 42 127
note 610 612 10 42 127
note 614 616 10 42 127
note 618 619 10 42 127
note 619 620 10 42 127
note 622 624 10 42 127
note 626 628 10 42 127
note 630 632 10 42 127
note 634 636 10 42 127
note 636 638 10 42 127
note 638 640 10 42 127
