tempo 71428
note 0 2 1 76 64
note 3 5 1 76 64
note 9 11 1 76 64
note 15 17 1 72 64
note 18 20 1 76 64
note 24 26 1 79 64
note 48 50 1 72 64
note 57 59 1 67 64
note 66 68 1 64 64
note 75 77 1 69 64
note 81 83 1 71 64
note 87 89 1 70 64
note 90 92 1 69 64
note 96 98 1 67 64
note 100 102 1 76 64
note 104 106 1 79 64
note 108 110 1 81 64
note 114 116 1 77 64
note 117 119 1 79 64
note 123 125 1 76 64
note 129 131 1 72 64
note 132 134 1 74 64
note 135 137 1 71 64
note 144 146 1 72 64
note 153 155 1 67 64
note 162 164 1 64 64
note 171 173 1 69 64
note 177 179 1 71 64
note 183 185 1 70 64
note 186 188 1 69 64
note 192 194 1 67 64
note 196 198 1 76 64
note 200 202 1 79 64
note 204 206 1 81 64
note 210 212 1 77 64
note 213 215 1 79 64
note 219 221 1 76 64
note 225 227 1 72 64
note 228 230 1 74 64
note 231 233 1 71 64
note 246 248 1 79 64
note 249 251 1 78 64
note 252 254 1 77 64
note 255 257 1 75 64
note 261 263 1 76 64
note 267 269 1 68 64
note 270 272 1 69 64
note 273 275 1 72 64
note 279 281 1 69 64
note 282 284 1 72 64
note 285 287 1 74 64
note 294 296 1 79 64
note 297 299 1 78 64
note 300 302 1 77 64
note 303 305 1 75 64
note 309 311 1 76 64
note 315 317 1 84 64
note 321 323 1 84 64
note 324 326 1 84 64
note 342 344 1 79 64
note 345 347 1 78 64
note 348 350 1 77 64
note 351 353 1 75 64
note 357 359 1 76 64
note 363 365 1 68 64
note 366 368 1 69 64
note 369 371 1 72 64
note 375 377 1 69 64
note 378 380 1 72 64
note 381 383 1 74 64
note 390 392 1 75 64
note 399 401 1 74 64
note 408 410 1 72 64
note 438 440 1 79 64
note 441 443 1 78 64
note 444 446 1 77 64
note 447 449 1 75 64
note 453 455 1 76 64
note 459 461 1 68 64
note 462 464 1 69 64
note 465 467 1 72 64
note 471 473 1 69 64
note 474 476 1 72 64
note 477 479 1 74 64
note 486 488 1 79 64
note 489 491 1 78 64
note 492 494 1 77 64
note 495 497 1 75 64
note 501 503 1 76 64
note 507 509 1 84 64
note 513 515 1 84 64
note 516 518 1 84 64
note 534 536 1 79 64
note 537 539 1 78 64
note 540 542 1 77 64
note 543 545 1 75 64
note 549 551 1 76 64
note 555 557 1 68 64
note 558 560 1 69 64
note 561 563 1 72 64
note 567 569 1 69 64
note 570 572 1 72 64
note 573 575 1 74 64
note 582 584 1 75 64
note 591 593 1 74 64
note 600 602 1 72 64
note 624 626 1 72 64
note 627 629 1 72 64
note 633 635 1 72 64
note 639 641 1 72 64
note 642 644 1 74 64
note 648 650 1 76 64
note 651 653 1 72 64
note 657 659 1 69 64
note 660 662 1 67 64
note 672 674 1 72 64
note 675 677 1 72 64
note 681 683 1 72 64
note 687 689 1 72 64
note 690 692 1 74 64
note 693 695 1 76 64
note 720 722 1 72 64
note 723 725 1 72 64
note 729 731 1 72 64
note 735 737 1 72 64
note 738 740 1 74 64
note 744 746 1 76 64
note 747 749 1 72 64
note 753 755 1 69 64
note 756 758 1 67 64
note 768 770 1 76 64
note 771 773 1 76 64
note 777 779 1 76 64
note 783 785 1 72 64
note 786 788 1 76 64
note 792 794 1 79 64
note 816 818 1 72 64
note 825 827 1 67 64
note 834 836 1 64 64
note 843 845 1 69 64
note 849 851 1 71 64
note 855 857 1 70 64
note 858 860 1 69 64
note 864 866 1 67 64
note 868 870 1 76 64
note 872 874 1 79 64
note 876 878 1 81 64
note 882 884 1 77 64
note 885 887 1 79 64
note 891 893 1 76 64
note 897 899 1 72 64
note 900 902 1 74 64
note 903 905 1 71 64
note 912 914 1 72 64
note 921 923 1 67 64
note 930 932 1 64 64
note 939 941 1 69 64
note 945 947 1 71 64
note 951 953 1 70 64
note 954 956 1 69 64
note 960 962 1 67 64
note 964 966 1 76 64
note 968 970 1 79 64
note 972 974 1 81 64
note 978 980 1 77 64
note 981 983 1 79 64
note 987 989 1 76 64
note 993 995 1 72 64
note 996 998 1 74 64
note 999 1001 1 71 64
note 1008 1010 1 76 64
note 1011 1013 1 72 64
note 1017 1019 1 67 64
note 1026 1028 1 68 64
note 1032 1034 1 69 64
note 1035 1037 1 77 64
note 1041 1043 1 77 64
note 1044 1046 1 69 64
note 1056 1058 1 71 64
note 1060 1062 1 81 64
note 1064 1066 1 81 64
note 1068 1070 1 81 64
note 1072 1074 1 79 64
note 1076 1078 1 77 64
note 1080 1082 1 76 64
note 1083 1085 1 72 64
note 1089 1091 1 69 64
note 1092 1094 1 67 64
note 1104 1106 1 76 64
note 1107 1109 1 72 64
note 1113 1115 1 67 64
note 1122 1124 1 68 64
note 1128 1130 1 69 64
note 1131 1133 1 77 64
note 1137 1139 1 77 64
note 1140 1142 1 69 64
note 1152 1154 1 71 64
note 1155 1157 1 77 64
note 1161 1163 1 77 64
note 1164 1166 1 77 64
note 1168 1170 1 76 64
note 1172 1174 1 74 64
note 1176 1178 1 72 64
note 1200 1202 1 76 64
note 1203 1205 1 72 64
note 1209 1211 1 67 64
note 1218 1220 1 68 64
note 1224 1226 1 69 64
note 1227 1229 1 77 64
note 1233 1235 1 77 64
note 1236 1238 1 69 64
note 1248 1250 1 71 64
note 1252 1254 1 81 64
note 1256 1258 1 81 64
note 1260 1262 1 81 64
note 1264 1266 1 79 64
note 1268 1270 1 77 64
note 1272 1274 1 76 64
note 1275 1277 1 72 64
note 1281 1283 1 69 64
note 1284 1286 1 67 64
note 1296 1298 1 76 64
note 1299 1301 1 72 64
note 1305 1307 1 67 64
note 1314 1316 1 68 64
note 1320 1322 1 69 64
note 1323 1325 1 77 64
note 1329 1331 1 77 64
note 1332 1334 1 69 64
note 1344 1346 1 71 64
note 1347 1349 1 77 64
note 1353 1355 1 77 64
note 1356 1358 1 77 64
note 1360 1362 1 76 64
note 1364 1366 1 74 64
note 1368 1370 1 72 64
note 1392 1394 1 72 64
note 1395 1397 1 72 64
note 1401 1403 1 72 64
note 1407 1409 1 72 64
note 1410 1412 1 74 64
note 1416 1418 1 76 64
note 1419 1421 1 72 64
note 1425 1427 1 69 64
note 1428 1430 1 67 64
note 1440 1442 1 72 64
note 1443 1445 1 72 64
note 1449 1451 1 72 64
note 1455 1457 1 72 64
note 1458 1460 1 74 64
note 1461 1463 1 76 64
note 1488 1490 1 72 64
note 1491 1493 1 72 64
note 1497 1499 1 72 64
note 1503 1505 1 72 64
note 1506 1508 1 74 64
note 1512 1514 1 76 64
note 1515 1517 1 72 64
note 1521 1523 1 69 64
note 1524 1526 1 67 64
note 1536 1538 1 76 64
note 1539 1541 1 76 64
note 1545 1547 1 76 64
note 1551 1553 1 72 64
note 1554 1556 1 76 64
note 1560 1562 1 79 64
note 1584 1586 1 76 64
note 1587 1589 1 72 64
note 1593 1595 1 67 64
note 1602 1604 1 68 64
note 1608 1610 1 69 64
note 1611 1613 1 77 64
note 1617 1619 1 77 64
note 1620 1622 1 69 64
note 1632 1634 1 71 64
note 1636 1638 1 81 64
note 1640 1642 1 81 64
note 1644 1646 1 81 64
note 1648 1650 1 79 64
note 1652 1654 1 77 64
note 1656 1658 1 76 64
note 1659 1661 1 72 64
note 1665 1667 1 69 64
note 1668 1670 1 67 64
note 1680 1682 1 76 64
note 1683 1685 1 72 64
note 1689 1691 1 67 64
note 1698 1700 1 68 64
note 1704 1706 1 69 64
note 1707 1709 1 77 64
note 1713 1715 1 77 64
note 1716 1718 1 69 64
note 1728 1730 1 71 64
note 1731 1733 1 77 64
note 1737 1739 1 77 64
note 1740 1742 1 77 64
note 1744 1746 1 76 64
note 1748 1750 1 74 64
note 1752 1754 1 72 64
note 0 2 2 66 64
note 3 5 2 66 64
note 9 11 2 66 64
note 15 17 2 66 64
note 18 20 2 66 64
note 24 26 2 71 64
note 36 38 2 67 64
note 48 50 2 64 64
note 57 59 2 60 64
note 66 68 2 55 64
note 75 77 2 60 64
note 81 83 2 62 64
note 87 89 2 61 64
note 90 92 2 60 64
note 96 98 2 60 64
note 100 102 2 67 64
note 104 106 2 71 64
note 108 110 2 72 64
note 114 116 2 69 64
note 117 119 2 71 64
note 123 125 2 69 64
note 129 131 2 64 64
note 132 134 2 65 64
note 135 137 2 62 64
note 144 146 2 64 64
note 153 155 2 60 64
note 162 164 2 55 64
note 171 173 2 60 64
note 177 179 2 62 64
note 183 185 2 61 64
note 186 188 2 60 64
note 192 194 2 60 64
note 196 198 2 67 64
note 200 202 2 71 64
note 204 206 2 72 64
note 210 212 2 69 64
note 213 215 2 71 64
note 219 221 2 69 64
note 225 227 2 64 64
note 228 230 2 65 64
note 231 233 2 62 64
note 246 248 2 76 64
note 249 251 2 75 64
note 252 254 2 74 64
note 255 257 2 71 64
note 261 263 2 72 64
note 267 269 2 64 64
note 270 272 2 65 64
note 273 275 2 67 64
note 279 281 2 60 64
note 282 284 2 64 64
note 285 287 2 65 64
note 294 296 2 76 64
note 297 299 2 75 64
note 300 302 2 74 64
note 303 305 2 71 64
note 309 311 2 72 64
note 315 317 2 77 64
note 321 323 2 77 64
note 324 326 2 77 64
note 342 344 2 76 64
note 345 347 2 75 64
note 348 350 2 74 64
note 351 353 2 71 64
note 357 359 2 72 64
note 363 365 2 64 64
note 366 368 2 65 64
note 369 371 2 67 64
note 375 377 2 60 64
note 378 380 2 64 64
note 381 383 2 65 64
note 390 392 2 68 64
note 399 401 2 65 64
note 408 410 2 64 64
note 438 440 2 76 64
note 441 443 2 75 64
note 444 446 2 74 64
note 447 449 2 71 64
note 453 455 2 72 64
note 459 461 2 64 64
note 462 464 2 65 64
note 465 467 2 67 64
note 471 473 2 60 64
note 474 476 2 64 64
note 477 479 2 65 64
note 486 488 2 76 64
note 489 491 2 75 64
note 492 494 2 74 64
note 495 497 2 71 64
note 501 503 2 72 64
note 507 509 2 77 64
note 513 515 2 77 64
note 516 518 2 77 64
note 534 536 2 76 64
note 537 539 2 75 64
note 540 542 2 74 64
note 543 545 2 71 64
note 549 551 2 72 64
note 555 557 2 64 64
note 558 560 2 65 64
note 561 563 2 67 64
note 567 569 2 60 64
note 570 572 2 64 64
note 573 575 2 65 64
note 582 584 2 68 64
note 591 593 2 65 64
note 600 602 2 64 64
note 624 626 2 68 64
note 627 629 2 68 64
note 633 635 2 68 64
note 639 641 2 68 64
note 642 644 2 70 64
note 648 650 2 67 64
note 651 653 2 64 64
note 657 659 2 64 64
note 660 662 2 60 64
note 672 674 2 68 64
note 675 677 2 68 64
note 681 683 2 68 64
note 687 689 2 68 64
note 690 692 2 70 64
note 693 695 2 67 64
note 720 722 2 68 64
note 723 725 2 68 64
note 729 731 2 68 64
note 735 737 2 68 64
note 738 740 2 70 64
note 744 746 2 67 64
note 747 749 2 64 64
note 753 755 2 64 64
note 756 758 2 60 64
note 768 770 2 66 64
note 771 773 2 66 64
note 777 779 2 66 64
note 783 785 2 66 64
note 786 788 2 66 64
note 792 794 2 71 64
note 804 806 2 67 64
note 816 818 2 64 64
note 825 827 2 60 64
note 834 836 2 55 64
note 843 845 2 60 64
note 849 851 2 62 64
note 855 857 2 61 64
note 858 860 2 60 64
note 864 866 2 60 64
note 868 870 2 67 64
note 872 874 2 71 64
note 876 878 2 72 64
note 882 884 2 69 64
note 885 887 2 71 64
note 891 893 2 69 64
note 897 899 2 64 64
note 900 902 2 65 64
note 903 905 2 62 64
note 912 914 2 64 64
note 921 923 2 60 64
note 930 932 2 55 64
note 939 941 2 60 64
note 945 947 2 62 64
note 951 953 2 61 64
note 954 956 2 60 64
note 960 962 2 60 64
note 964 966 2 67 64
note 968 970 2 71 64
note 972 974 2 72 64
note 978 980 2 69 64
note 981 983 2 71 64
note 987 989 2 69 64
note 993 995 2 64 64
note 996 998 2 65 64
note 999 1001 2 62 64
note 1008 1010 2 72 64
note 1011 1013 2 69 64
note 1017 1019 2 64 64
note 1026 1028 2 64 64
note 1032 1034 2 65 64
note 1035 1037 2 72 64
note 1041 1043 2 72 64
note 1044 1046 2 65 64
note 1056 1058 2 67 64
note 1060 1062 2 77 64
note 1064 1066 2 77 64
note 1068 1070 2 77 64
note 1072 1074 2 76 64
note 1076 1078 2 74 64
note 1080 1082 2 72 64
note 1083 1085 2 69 64
note 1089 1091 2 65 64
note 1092 1094 2 64 64
note 1104 1106 2 72 64
note 1107 1109 2 69 64
note 1113 1115 2 64 64
note 1122 1124 2 64 64
note 1128 1130 2 65 64
note 1131 1133 2 72 64
note 1137 1139 2 72 64
note 1140 1142 2 65 64
note 1152 1154 2 67 64
note 1155 1157 2 74 64
note 1161 1163 2 74 64
note 1164 1166 2 74 64
note 1168 1170 2 72 64
note 1172 1174 2 71 64
note 1176 1178 2 67 64
note 1179 1181 2 64 64
note 1185 1187 2 64 64
note 1188 1190 2 60 64
note 1200 1202 2 72 64
note 1203 1205 2 69 64
note 1209 1211 2 64 64
note 1218 1220 2 64 64
note 1224 1226 2 65 64
note 1227 1229 2 72 64
note 1233 1235 2 72 64
note 1236 1238 2 65 64
note 1248 1250 2 67 64
note 1252 1254 2 77 64
note 1256 1258 2 77 64
note 1260 1262 2 77 64
note 1264 1266 2 76 64
note 1268 1270 2 74 64
note 1272 1274 2 72 64
note 1275 1277 2 69 64
note 1281 1283 2 65 64
note 1284 1286 2 64 64
note 1296 1298 2 72 64
note 1299 1301 2 69 64
note 1305 1307 2 64 64
note 1314 1316 2 64 64
note 1320 1322 2 65 64
note 1323 1325 2 72 64
note 1329 1331 2 72 64
note 1332 1334 2 65 64
note 1344 1346 2 67 64
note 1347 1349 2 74 64
note 1353 1355 2 74 64
note 1356 1358 2 74 64
note 1360 1362 2 72 64
note 1364 1366 2 71 64
note 1368 1370 2 67 64
note 1371 1373 2 64 64
note 1377 1379 2 64 64
note 1380 1382 2 60 64
note 1392 1394 2 68 64
note 1395 1397 2 68 64
note 1401 1403 2 68 64
note 1407 1409 2 68 64
note 1410 1412 2 70 64
note 1416 1418 2 67 64
note 1419 1421 2 64 64
note 1425 1427 2 64 64
note 1428 1430 2 60 64
note 1440 1442 2 68 64
note 1443 1445 2 68 64
note 1449 1451 2 68 64
note 1455 1457 2 68 64
note 1458 1460 2 70 64
note 1461 1463 2 67 64
note 1488 1490 2 68 64
note 1491 1493 2 68 64
note 1497 1499 2 68 64
note 1503 1505 2 68 64
note 1506 1508 2 70 64
note 1512 1514 2 67 64
note 1515 1517 2 64 64
note 1521 1523 2 64 64
note 1524 1526 2 60 64
note 1536 1538 2 66 64
note 1539 1541 2 66 64
note 1545 1547 2 66 64
note 1551 1553 2 66 64
note 1554 1556 2 66 64
note 1560 1562 2 71 64
note 1572 1574 2 67 64
note 1584 1586 2 72 64
note 1587 1589 2 69 64
note 1593 1595 2 64 64
note 1602 1604 2 64 64
note 1608 1610 2 65 64
note 1611 1613 2 72 64
note 1617 1619 2 72 64
note 1620 1622 2 65 64
note 1632 1634 2 67 64
note 1636 1638 2 77 64
note 1640 1642 2 77 64
note 1644 1646 2 77 64
note 1648 1650 2 76 64
note 1652 1654 2 74 64
note 1656 1658 2 72 64
note 1659 1661 2 69 64
note 1665 1667 2 65 64
note 1668 1670 2 64 64
note 1680 1682 2 72 64
note 1683 1685 2 69 64
note 1689 1691 2 64 64
note 1698 1700 2 64 64
note 1704 1706 2 65 64
note 1707 1709 2 72 64
note 1713 1715 2 72 64
note 1716 1718 2 65 64
note 1728 1730 2 67 64
note 1731 1733 2 74 64
note 1737 1739 2 74 64
note 1740 1742 2 74 64
note 1744 1746 2 72 64
note 1748 1750 2 71 64
note 1752 1754 2 67 64
note 1755 1757 2 64 64
note 1761 1763 2 64 64
note 1764 1766 2 60 64
note 0 2 3 50 64
note 3 5 3 50 64
note 9 11 3 50 64
note 15 17 3 50 64
note 18 20 3 50 64
note 24 26 3 67 64
note 36 38 3 55 64
note 48 50 3 55 64
note 57 59 3 52 64
note 66 68 3 48 64
note 75 77 3 53 64
note 81 83 3 55 64
note 87 89 3 54 64
note 90 92 3 53 64
note 96 98 3 52 64
note 100 102 3 60 64
note 104 106 3 64 64
note 108 110 3 65 64
note 114 116 3 62 64
note 117 119 3 64 64
note 123 125 3 60 64
note 129 131 3 57 64
note 132 134 3 59 64
note 135 137 3 55 64
note 144 146 3 55 64
note 153 155 3 52 64
note 162 164 3 48 64
note 171 173 3 53 64
note 177 179 3 55 64
note 183 185 3 54 64
note 186 188 3 53 64
note 192 194 3 52 64
note 196 198 3 60 64
note 200 202 3 64 64
note 204 206 3 65 64
note 210 212 3 62 64
note 213 215 3 64 64
note 219 221 3 60 64
note 225 227 3 57 64
note 228 230 3 59 64
note 231 233 3 55 64
note 240 242 3 48 64
note 249 251 3 55 64
note 258 260 3 60 64
note 264 266 3 53 64
note 273 275 3 60 64
note 276 278 3 60 64
note 282 284 3 53 64
note 288 290 3 48 64
note 297 299 3 52 64
note 306 308 3 55 64
note 309 311 3 60 64
note 315 317 3 79 64
note 321 323 3 79 64
note 324 326 3 79 64
note 330 332 3 55 64
note 336 338 3 48 64
note 345 347 3 55 64
note 354 356 3 60 64
note 360 362 3 53 64
note 369 371 3 60 64
note 372 374 3 60 64
note 378 380 3 53 64
note 384 386 3 48 64
note 390 392 3 56 64
note 399 401 3 58 64
note 408 410 3 60 64
note 417 419 3 55 64
note 420 422 3 55 64
note 426 428 3 48 64
note 432 434 3 48 64
note 441 443 3 55 64
note 450 452 3 60 64
note 456 458 3 53 64
note 465 467 3 60 64
note 468 470 3 60 64
note 474 476 3 53 64
note 480 482 3 48 64
note 489 491 3 52 64
note 498 500 3 55 64
note 501 503 3 60 64
note 507 509 3 79 64
note 513 515 3 79 64
note 516 518 3 79 64
note 522 524 3 55 64
note 528 530 3 48 64
note 537 539 3 55 64
note 546 548 3 60 64
note 552 554 3 53 64
note 561 563 3 60 64
note 564 566 3 60 64
note 570 572 3 53 64
note 576 578 3 48 64
note 582 584 3 56 64
note 591 593 3 58 64
note 600 602 3 60 64
note 609 611 3 55 64
note 612 614 3 55 64
note 618 620 3 48 64
note 624 626 3 44 64
note 633 635 3 51 64
note 642 644 3 56 64
note 648 650 3 55 64
note 657 659 3 48 64
note 666 668 3 43 64
note 672 674 3 44 64
note 681 683 3 51 64
note 690 692 3 56 64
note 696 698 3 55 64
note 705 707 3 48 64
note 714 716 3 43 64
note 720 722 3 44 64
note 729 731 3 51 64
note 738 740 3 56 64
note 744 746 3 55 64
note 753 755 3 48 64
note 762 764 3 43 64
note 768 770 3 50 64
note 771 773 3 50 64
note 777 779 3 50 64
note 783 785 3 50 64
note 786 788 3 50 64
note 792 794 3 67 64
note 804 806 3 55 64
note 816 818 3 55 64
note 825 827 3 52 64
note 834 836 3 48 64
note 843 845 3 53 64
note 849 851 3 55 64
note 855 857 3 54 64
note 858 860 3 53 64
note 864 866 3 52 64
note 868 870 3 60 64
note 872 874 3 64 64
note 876 878 3 65 64
note 882 884 3 62 64
note 885 887 3 64 64
note 891 893 3 60 64
note 897 899 3 57 64
note 900 902 3 59 64
note 903 905 3 55 64
note 912 914 3 55 64
note 921 923 3 52 64
note 930 932 3 48 64
note 939 941 3 53 64
note 945 947 3 55 64
note 951 953 3 54 64
note 954 956 3 53 64
note 960 962 3 52 64
note 964 966 3 60 64
note 968 970 3 64 64
note 972 974 3 65 64
note 978 980 3 62 64
note 981 983 3 64 64
note 987 989 3 60 64
note 993 995 3 57 64
note 996 998 3 59 64
note 999 1001 3 55 64
note 1008 1010 3 48 64
note 1017 1019 3 54 64
note 1020 1022 3 55 64
note 1026 1028 3 60 64
note 1032 1034 3 53 64
note 1038 1040 3 53 64
note 1044 1046 3 60 64
note 1047 1049 3 60 64
note 1050 1052 3 53 64
note 1056 1058 3 50 64
note 1065 1067 3 53 64
note 1068 1070 3 55 64
note 1074 1076 3 59 64
note 1080 1082 3 55 64
note 1086 1088 3 55 64
note 1092 1094 3 60 64
note 1095 1097 3 60 64
note 1098 1100 3 55 64
note 1104 1106 3 48 64
note 1113 1115 3 54 64
note 1116 1118 3 55 64
note 1122 1124 3 60 64
note 1128 1130 3 53 64
note 1134 1136 3 53 64
note 1140 1142 3 60 64
note 1143 1145 3 60 64
note 1146 1148 3 53 64
note 1152 1154 3 55 64
note 1155 1157 3 55 64
note 1161 1163 3 55 64
note 1164 1166 3 55 64
note 1168 1170 3 57 64
note 1172 1174 3 59 64
note 1176 1178 3 60 64
note 1182 1184 3 55 64
note 1188 1190 3 48 64
note 1200 1202 3 48 64
note 1209 1211 3 54 64
note 1212 1214 3 55 64
note 1218 1220 3 60 64
note 1224 1226 3 53 64
note 1230 1232 3 53 64
note 1236 1238 3 60 64
note 1239 1241 3 60 64
note 1242 1244 3 53 64
note 1248 1250 3 50 64
note 1257 1259 3 53 64
note 1260 1262 3 55 64
note 1266 1268 3 59 64
note 1272 1274 3 55 64
note 1278 1280 3 55 64
note 1284 1286 3 60 64
note 1287 1289 3 60 64
note 1290 1292 3 55 64
note 1296 1298 3 48 64
note 1305 1307 3 54 64
note 1308 1310 3 55 64
note 1314 1316 3 60 64
note 1320 1322 3 53 64
note 1326 1328 3 53 64
note 1332 1334 3 60 64
note 1335 1337 3 60 64
note 1338 1340 3 53 64
note 1344 1346 3 55 64
note 1347 1349 3 55 64
note 1353 1355 3 55 64
note 1356 1358 3 55 64
note 1360 1362 3 57 64
note 1364 1366 3 59 64
note 1368 1370 3 60 64
note 1374 1376 3 55 64
note 1380 1382 3 48 64
note 1392 1394 3 44 64
note 1401 1403 3 51 64
note 1410 1412 3 56 64
note 1416 1418 3 55 64
note 1425 1427 3 48 64
note 1434 1436 3 43 64
note 1440 1442 3 44 64
note 1449 1451 3 51 64
note 1458 1460 3 56 64
note 1464 1466 3 55 64
note 1473 1475 3 48 64
note 1482 1484 3 43 64
note 1488 1490 3 44 64
note 1497 1499 3 51 64
note 1506 1508 3 56 64
note 1512 1514 3 55 64
note 1521 1523 3 48 64
note 1530 1532 3 43 64
note 1536 1538 3 50 64
note 1539 1541 3 50 64
note 1545 1547 3 50 64
note 1551 1553 3 50 64
note 1554 1556 3 50 64
note 1560 1562 3 67 64
note 1572 1574 3 55 64
note 1584 1586 3 48 64
note 1593 1595 3 54 64
note 1596 1598 3 55 64
note 1602 1604 3 60 64
note 1608 1610 3 53 64
note 1614 1616 3 53 64
note 1620 1622 3 60 64
note 1623 1625 3 60 64
note 1626 1628 3 53 64
note 1632 1634 3 50 64
note 1641 1643 3 53 64
note 1644 1646 3 55 64
note 1650 1652 3 59 64
note 1656 1658 3 55 64
note 1662 1664 3 55 64
note 1668 1670 3 60 64
note 1671 1673 3 60 64
note 1674 1676 3 55 64
note 1680 1682 3 48 64
note 1689 1691 3 54 64
note 1692 1694 3 55 64
note 1698 1700 3 60 64
note 1704 1706 3 53 64
note 1710 1712 3 53 64
note 1716 1718 3 60 64
note 1719 1721 3 60 64
note 1722 1724 3 53 64
note 1728 1730 3 55 64
note 1731 1733 3 55 64
note 1737 1739 3 55 64
note 1740 1742 3 55 64
note 1744 1746 3 57 64
note 1748 1750 3 59 64
note 1752 1754 3 60 64
note 1758 1760 3 55 64
note 1764 1766 3 48 64
note 0 4 10 42 64
note 6 8 10 42 64
note 9 13 10 42 64
note 15 17 10 42 64
note 18 22 10 42 64
note 24 28 10 42 64
note 33 37 10 42 64
note 39 41 10 42 64
note 42 44 10 42 64
note 45 47 10 42 64
note 48 50 10 42 64
note 54 56 10 42 64
note 58 60 10 42 64
note 60 64 10 42 64
note 66 68 10 42 64
note 70 72 10 42 64
note 72 74 10 42 64
note 78 80 10 42 64
note 82 84 10 42 64
note 84 88 10 42 64
note 90 92 10 42 64
note 94 96 10 42 64
note 96 98 10 42 64
note 102 104 10 42 64
note 106 108 10 42 64
note 108 112 10 42 64
note 114 116 10 42 64
note 118 120 10 42 64
note 120 122 10 42 64
note 126 128 10 42 64
note 130 132 10 42 64
note 132 136 10 42 64
note 138 140 10 42 64
note 142 144 10 42 64
note 144 146 10 42 64
note 150 152 10 42 64
note 154 156 10 42 64
note 156 160 10 42 64
note 162 164 10 42 64
note 166 168 10 42 64
note 168 170 10 42 64
note 174 176 10 42 64
note 178 180 10 42 64
note 180 184 10 42 64
note 186 188 10 42 64
note 190 192 10 42 64
note 192 194 10 42 64
note 198 200 10 42 64
note 202 204 10 42 64
note 204 208 10 42 64
note 210 212 10 42 64
note 214 216 10 42 64
note 216 218 10 42 64
note 222 224 10 42 64
note 226 228 10 42 64
note 228 232 10 42 64
note 234 236 10 42 64
note 238 240 10 42 64
note 240 242 10 42 64
note 246 248 10 42 64
note 250 252 10 42 64
note 252 256 10 42 64
note 258 260 10 42 64
note 262 264 10 42 64
note 264 266 10 42 64
note 270 272 10 42 64
note 274 276 10 42 64
note 276 280 10 42 64
note 282 284 10 42 64
note 286 288 10 42 64
note 288 290 10 42 64
note 294 296 10 42 64
note 298 300 10 42 64
note 300 304 10 42 64
note 306 308 10 42 64
note 310 312 10 42 64
note 312 314 10 42 64
note 318 320 10 42 64
note 322 324 10 42 64
note 324 328 10 42 64
note 330 332 10 42 64
note 334 336 10 42 64
note 336 338 10 42 64
note 342 344 10 42 64
note 346 348 10 42 64
note 348 352 10 42 64
note 354 356 10 42 64
note 358 360 10 42 64
note 360 362 10 42 64
note 366 368 10 42 64
note 370 372 10 42 64
note 372 376 10 42 64
note 378 380 10 42 64
note 382 384 10 42 64
note 384 386 10 42 64
note 390 392 10 42 64
note 394 396 10 42 64
note 396 400 10 42 64
note 402 404 10 42 64
note 406 408 10 42 64
note 408 410 10 42 64
note 414 416 10 42 64
note 418 420 10 42 64
note 420 424 10 42 64
note 426 428 10 42 64
note 430 432 10 42 64
note 432 434 10 42 64
note 438 440 10 42 64
note 442 444 10 42 64
note 444 448 10 42 64
note 450 452 10 42 64
note 454 456 10 42 64
note 456 458 10 42 64
note 462 464 10 42 64
note 466 468 10 42 64
note 468 472 10 42 64
note 474 476 10 42 64
note 478 480 10 42 64
note 480 482 10 42 64
note 486 488 10 42 64
note 490 492 10 42 64
note 492 496 10 42 64
note 498 500 10 42 64
note 502 504 10 42 64
note 504 506 10 42 64
note 510 512 10 42 64
note 514 516 10 42 64
note 516 520 10 42 64
note 522 524 10 42 64
note 526 528 10 42 64
note 528 530 10 42 64
note 534 536 10 42 64
note 538 540 10 42 64
note 540 544 10 42 64
note 546 548 10 42 64
note 550 552 10 42 64
note 552 554 10 42 64
note 558 560 10 42 64
note 562 564 10 42 64
note 564 568 10 42 64
note 570 572 10 42 64
note 574 576 10 42 64
note 576 578 10 42 64
note 582 584 10 42 64
note 586 588 10 42 64
note 588 592 10 42 64
note 594 596 10 42 64
note 598 600 10 42 64
note 600 602 10 42 64
note 606 608 10 42 64
note 610 612 10 42 64
note 612 616 10 42 64
note 618 620 10 42 64
note 622 624 10 42 64
note 624 628 10 42 64
note 630 632 10 42 64
note 633 637 10 42 64
note 639 641 10 42 64
note 642 646 10 42 64
note 648 652 10 42 64
note 657 661 10 42 64
note 663 665 10 42 64
note 666 668 10 42 64
note 669 671 10 42 64
note 672 676 10 42 64
note 678 680 10 42 64
note 681 685 10 42 64
note 687 689 10 42 64
note 690 694 10 42 64
note 696 700 10 42 64
note 705 709 10 42 64
note 711 713 10 42 64
note 714 716 10 42 64
note 717 719 10 42 64
note 720 724 10 42 64
note 726 728 10 42 64
note 729 733 10 42 64
note 735 737 10 42 64
note 738 742 10 42 64
note 744 748 10 42 64
note 753 757 10 42 64
note 759 761 10 42 64
note 762 764 10 42 64
note 765 767 10 42 64
note 768 772 10 42 64
note 774 776 10 42 64
note 777 781 10 42 64
note 783 785 10 42 64
note 786 790 10 42 64
note 792 796 10 42 64
note 801 805 10 42 64
note 807 809 10 42 64
note 810 812 10 42 64
note 813 815 10 42 64
note 816 818 10 42 64
note 822 824 10 42 64
note 826 828 10 42 64
note 828 832 10 42 64
note 834 836 10 42 64
note 838 840 10 42 64
note 840 842 10 42 64
note 846 848 10 42 64
note 850 852 10 42 64
note 852 856 10 42 64
note 858 860 10 42 64
note 862 864 10 42 64
note 864 866 10 42 64
note 870 872 10 42 64
note 874 876 10 42 64
note 876 880 10 42 64
note 882 884 10 42 64
note 886 888 10 42 64
note 888 890 10 42 64
note 894 896 10 42 64
note 898 900 10 42 64
note 900 904 10 42 64
note 906 908 10 42 64
note 910 912 10 42 64
note 912 914 10 42 64
note 918 920 10 42 64
note 922 924 10 42 64
note 924 928 10 42 64
note 930 932 10 42 64
note 934 936 10 42 64
note 936 938 10 42 64
note 942 944 10 42 64
note 946 948 10 42 64
note 948 952 10 42 64
note 954 956 10 42 64
note 958 960 10 42 64
note 960 962 10 42 64
note 966 968 10 42 64
note 970 972 10 42 64
note 972 976 10 42 64
note 978 980 10 42 64
note 982 984 10 42 64
note 984 986 10 42 64
note 990 992 10 42 64
note 994 996 10 42 64
note 996 1000 10 42 64
note 1002 1004 10 42 64
note 1006 1008 10 42 64
note 1008 1010 10 42 64
note 1017 1019 10 42 64
note 1020 1024 10 42 64
note 1026 1028 10 42 64
note 1032 1034 10 42 64
note 1041 1043 10 42 64
note 1044 1048 10 42 64
note 1050 1052 10 42 64
note 1056 1058 10 42 64
note 1065 1067 10 42 64
note 1068 1072 10 42 64
note 1074 1076 10 42 64
note 1080 1082 10 42 64
note 1089 1091 10 42 64
note 1092 1096 10 42 64
note 1098 1100 10 42 64
note 1104 1106 10 42 64
note 1113 1115 10 42 64
note 1116 1120 10 42 64
note 1122 1124 10 42 64
note 1128 1130 10 42 64
note 1137 1139 10 42 64
note 1140 1144 10 42 64
note 1146 1148 10 42 64
note 1152 1154 10 42 64
note 1161 1163 10 42 64
note 1164 1168 10 42 64
note 1170 1172 10 42 64
note 1176 1178 10 42 64
note 1185 1187 10 42 64
note 1188 1192 10 42 64
note 1194 1196 10 42 64
note 1200 1202 10 42 64
note 1209 1211 10 42 64
note 1212 1216 10 42 64
note 1218 1220 10 42 64
note 1224 1226 10 42 64
note 1233 1235 10 42 64
note 1236 1240 10 42 64
note 1242 1244 10 42 64
note 1248 1250 10 42 64
note 1257 1259 10 42 64
note 1260 1264 10 42 64
note 1266 1268 10 42 64
note 1272 1274 10 42 64
note 1281 1283 10 42 64
note 1284 1288 10 42 64
note 1290 1292 10 42 64
note 1296 1298 10 42 64
note 1305 1307 10 42 64
note 1308 1312 10 42 64
note 1314 1316 10 42 64
note 1320 1322 10 42 64
note 1329 1331 10 42 64
note 1332 1336 10 42 64
note 1338 1340 10 42 64
note 1344 1346 10 42 64
note 1353 1355 10 42 64
note 1356 1360 10 42 64
note 1362 1364 10 42 64
note 1368 1370 10 42 64
note 1377 1379 10 42 64
note 1380 1384 10 42 64
note 1386 1388 10 42 64
note 1392 1396 10 42 64
note 1398 1400 10 42 64
note 1401 1405 10 42 64
note 1407 1409 10 42 64
note 1410 1414 10 42 64
note 1416 1420 10 42 64
note 1425 1429 10 42 64
note 1431 1433 10 42 64
note 1434 1436 10 42 64
note 1437 1439 10 42 64
note 1440 1444 10 42 64
note 1446 1448 10 42 64
note 1449 1453 10 42 64
note 1455 1457 10 42 64
note 1458 1462 10 42 64
note 1464 1468 10 42 64
note 1473 1477 10 42 64
note 1479 1481 10 42 64
note 1482 1484 10 42 64
note 1485 1487 10 42 64
note 1488 1492 10 42 64
note 1494 1496 10 42 64
note 1497 1501 10 42 64
note 1503 1505 10 42 64
note 1506 1510 10 42 64
note 1512 1516 10 42 64
note 1521 1525 10 42 64
note 1527 1529 10 42 64
note 1530 1532 10 42 64
note 1533 1535 10 42 64
note 1536 1540 10 42 64
note 1542 1544 10 42 64
note 1545 1549 10 42 64
note 1551 1553 10 42 64
note 1554 1558 10 42 64
note 1560 1564 10 42 64
note 1569 1573 10 42 64
note 1575 1577 10 42 64
note 1578 1580 10 42 64
note 1581 1583 10 42 64
note 1584 1586 10 42 64
note 1593 1595 10 42 64
note 1596 1600 10 42 64
note 1602 1604 10 42 64
note 1608 1610 10 42 64
note 1617 1619 10 42 64
note 1620 1624 10 42 64
note 1626 1628 10 42 64
note 1632 1634 10 42 64
note 1641 1643 10 42 64
note 1644 1648 10 42 64
note 1650 1652 10 42 64
note 1656 1658 10 42 64
note 1665 1667 10 42 64
note 1668 1672 10 42 64
note 1674 1676 10 42 64
note 1680 1682 10 42 64
note 1689 1691 10 42 64
note 1692 1696 10 42 64
note 1698 1700 10 42 64
note 1704 1706 10 42 64
note 1713 1715 10 42 64
note 1716 1720 10 42 64
note 1722 1724 10 42 64
note 1728 1730 10 42 64
note 1737 1739 10 42 64
note 1740 1744 10 42 64
note 1746 1748 10 42 64
note 1752 1754 10 42 64
note 1761 1763 10 42 64
note 1764 1768 10 42 64
note 1770 1772 10 42 64
