tempo 120000
note 1392 1400 2 50 100
note 1390 1392 2 47 100
note 1384 1390 2 47 100
note 1382 1384 2 50 100
note 1376 1382 2 50 100
note 1374 1376 2 47 100
note 1368 1374 2 47 100
note 1366 1368 2 50 100
note 1360 1366 2 50 100
note 1358 1360 2 47 100
note 1352 1358 2 47 100
note 1350 1352 2 50 100
note 1344 1350 2 50 100
note 1342 1344 2 47 100
note 1336 1342 2 47 100
note 1334 1336 2 50 100
note 1328 1334 2 50 100
note 1326 1328 2 47 100
note 1320 1326 2 47 100
note 1318 1320 2 50 100
note 1312 1318 2 50 100
note 1310 1312 2 47 100
note 1304 1310 2 47 100
note 1302 1304 2 50 100
note 1296 1302 2 50 100
note 1294 1296 2 47 100
note 1288 1294 2 47 100
note 1286 1288 2 50 100
note 1280 1286 2 50 100
note 1278 1280 2 47 100
note 1272 1278 2 47 100
note 1270 1272 2 50 100
note 1264 1270 2 50 100
note 1262 1264 2 47 100
note 1256 1262 2 47 100
note 1254 1256 2 50 100
note 1248 1254 2 50 100
note 1246 1248 2 47 100
note 1240 1246 2 47 100
note 1238 1240 2 50 100
note 1232 1238 2 50 100
note 1230 1232 2 47 100
note 1224 1230 2 47 100
note 1222 1224 2 50 100
note 1216 1222 2 50 100
note 1214 1216 2 47 100
note 1208 1214 2 47 100
note 1206 1208 2 50 100
note 1200 1206 2 50 100
note 1196 1200 2 52 100
note 1192 1196 2 45 100
note 1188 1192 2 53 100
note 1184 1188 2 46 100
note 1182 1184 2 43 100
note 1182 1184 2 48 100
note 1180 1182 2 43 100
note 1180 1182 2 48 100
note 1178 1180 2 45 100
note 1178 1180 2 50 100
note 1176 1178 2 45 100
note 1176 1178 2 50 100
note 1174 1176 2 47 100
note 1174 1176 2 52 100
note 1172 1174 2 47 100
note 1172 1174 2 52 100
note 1170 1172 2 48 100
note 1170 1172 2 53 100
note 1168 1170 2 48 100
note 1168 1170 2 53 100
note 1166 1168 2 43 100
note 1166 1168 2 48 100
note 1164 1166 2 43 100
note 1164 1166 2 48 100
note 1162 1164 2 43 100
note 1162 1164 2 48 100
note 1160 1162 2 43 100
note 1160 1162 2 48 100
note 1158 1160 2 41 100
note 1158 1160 2 46 100
note 1156 1158 2 41 100
note 1156 1158 2 46 100
note 1154 1156 2 41 100
note 1154 1156 2 46 100
note 1152 1154 2 41 100
note 1152 1154 2 46 100
note 1146 1148 2 48 100
note 1146 1148 2 53 100
note 1144 1146 2 48 100
note 1144 1146 2 53 100
note 1138 1140 2 41 100
note 1138 1140 2 46 100
note 1136 1138 2 41 100
note 1136 1138 2 46 100
note 1130 1132 2 43 100
note 1130 1132 2 48 100
note 1128 1130 2 43 100
note 1128 1130 2 48 100
note 1122 1124 2 48 100
note 1122 1124 2 53 100
note 1120 1122 2 48 100
note 1120 1122 2 53 100
note 1114 1116 2 48 100
note 1114 1116 2 53 100
note 1112 1114 2 48 100
note 1112 1114 2 53 100
note 1106 1108 2 41 100
note 1106 1108 2 46 100
note 1104 1106 2 41 100
note 1104 1106 2 46 100
note 1098 1100 2 43 100
note 1098 1100 2 48 100
note 1096 1098 2 43 100
note 1096 1098 2 48 100
note 1090 1092 2 48 100
note 1090 1092 2 53 100
note 1088 1090 2 48 100
note 1088 1090 2 53 100
note 1086 1088 2 46 100
note 1084 1086 2 46 100
note 1082 1084 2 46 100
note 1080 1082 2 46 100
note 1078 1080 2 46 100
note 1076 1078 2 46 100
note 1072 1076 2 46 100
note 1070 1072 2 45 100
note 1068 1070 2 49 100
note 1066 1068 2 47 100
note 1064 1066 2 45 100
note 1062 1064 2 45 100
note 1056 1062 2 45 100
note 1052 1056 2 55 100
note 1050 1052 2 54 100
note 1048 1050 2 52 100
note 1046 1048 2 52 100
note 1040 1046 2 52 100
note 1038 1040 2 47 100
note 1032 1038 2 47 100
note 1030 1032 2 50 100
note 1024 1030 2 50 100
note 1022 1024 2 47 100
note 1016 1022 2 47 100
note 1014 1016 2 50 100
note 1008 1014 2 50 100
note 1006 1008 2 47 100
note 1000 1006 2 47 100
note 998 1000 2 50 100
note 992 998 2 50 100
note 990 992 2 47 100
note 984 990 2 47 100
note 982 984 2 50 100
note 976 982 2 50 100
note 974 976 2 47 100
note 968 974 2 47 100
note 966 968 2 50 100
note 960 966 2 50 100
note 958 960 2 50 100
note 956 958 2 54 100
note 954 956 2 50 100
note 952 954 2 47 100
note 950 952 2 50 100
note 948 950 2 54 100
note 946 948 2 50 100
note 944 946 2 45 100
note 942 944 2 52 100
note 940 942 2 55 100
note 938 940 2 52 100
note 936 938 2 45 100
note 934 936 2 52 100
note 932 934 2 55 100
note 930 932 2 52 100
note 928 930 2 45 100
note 926 928 2 52 100
note 924 926 2 55 100
note 922 924 2 52 100
note 920 922 2 47 100
note 918 920 2 52 100
note 916 918 2 55 100
note 914 916 2 52 100
note 912 914 2 47 100
note 910 912 2 50 100
note 908 910 2 54 100
note 906 908 2 50 100
note 904 906 2 47 100
note 902 904 2 50 100
note 900 902 2 54 100
note 898 900 2 50 100
note 896 898 2 45 100
note 894 896 2 50 100
note 892 894 2 54 100
note 890 892 2 50 100
note 888 890 2 47 100
note 886 888 2 50 100
note 884 886 2 54 100
note 882 884 2 50 100
note 880 882 2 45 100
note 878 880 2 50 100
note 876 878 2 54 100
note 874 876 2 50 100
note 872 874 2 47 100
note 870 872 2 50 100
note 868 870 2 54 100
note 866 868 2 50 100
note 864 866 2 45 100
note 862 864 2 50 100
note 860 862 2 54 100
note 858 860 2 50 100
note 856 858 2 47 100
note 854 856 2 50 100
note 852 854 2 54 100
note 850 852 2 50 100
note 848 850 2 45 100
note 846 848 2 47 100
note 840 846 2 47 100
note 838 840 2 50 100
note 832 838 2 50 100
note 830 832 2 47 100
note 824 830 2 47 100
note 822 824 2 50 100
note 816 822 2 50 100
note 814 816 2 47 100
note 808 814 2 47 100
note 806 808 2 50 100
note 800 806 2 50 100
note 798 800 2 47 100
note 792 798 2 47 100
note 790 792 2 50 100
note 784 790 2 50 100
note 780 784 2 52 100
note 776 780 2 45 100
note 772 776 2 53 100
note 768 772 2 46 100
note 766 768 2 43 100
note 766 768 2 48 100
note 764 766 2 43 100
note 764 766 2 48 100
note 762 764 2 45 100
note 762 764 2 50 100
note 760 762 2 45 100
note 760 762 2 50 100
note 758 760 2 47 100
note 758 760 2 52 100
note 756 758 2 47 100
note 756 758 2 52 100
note 754 756 2 48 100
note 754 756 2 53 100
note 752 754 2 48 100
note 752 754 2 53 100
note 750 752 2 43 100
note 750 752 2 48 100
note 748 750 2 43 100
note 748 750 2 48 100
note 746 748 2 43 100
note 746 748 2 48 100
note 744 746 2 43 100
note 744 746 2 48 100
note 742 744 2 41 100
note 742 744 2 46 100
note 740 742 2 41 100
note 740 742 2 46 100
note 738 740 2 41 100
note 738 740 2 46 100
note 736 738 2 41 100
note 736 738 2 46 100
note 730 732 2 48 100
note 730 732 2 53 100
note 728 730 2 48 100
note 728 730 2 53 100
note 722 724 2 41 100
note 722 724 2 46 100
note 720 722 2 41 100
note 720 722 2 46 100
note 714 716 2 43 100
note 714 716 2 48 100
note 712 714 2 43 100
note 712 714 2 48 100
note 706 708 2 48 100
note 706 708 2 53 100
note 704 706 2 48 100
note 704 706 2 53 100
note 698 700 2 48 100
note 698 700 2 53 100
note 696 698 2 48 100
note 696 698 2 53 100
note 690 692 2 41 100
note 690 692 2 46 100
note 688 690 2 41 100
note 688 690 2 46 100
note 682 684 2 43 100
note 682 684 2 48 100
note 680 682 2 43 100
note 680 682 2 48 100
note 674 676 2 48 100
note 674 676 2 53 100
note 672 674 2 48 100
note 672 674 2 53 100
note 670 672 2 46 100
note 668 670 2 46 100
note 666 668 2 46 100
note 664 666 2 46 100
note 662 664 2 46 100
note 660 662 2 46 100
note 656 660 2 46 100
note 654 656 2 45 100
note 652 654 2 49 100
note 650 652 2 47 100
note 648 650 2 45 100
note 646 648 2 45 100
note 640 646 2 45 100
note 636 640 2 55 100
note 634 636 2 54 100
note 632 634 2 52 100
note 630 632 2 52 100
note 624 630 2 52 100
note 622 624 2 47 100
note 616 622 2 47 100
note 614 616 2 50 100
note 608 614 2 50 100
note 606 608 2 47 100
note 600 606 2 47 100
note 598 600 2 50 100
note 592 598 2 50 100
note 590 592 2 47 100
note 584 590 2 47 100
note 582 584 2 50 100
note 576 582 2 50 100
note 574 576 2 47 100
note 568 574 2 47 100
note 566 568 2 50 100
note 560 566 2 50 100
note 558 560 2 47 100
note 552 558 2 47 100
note 550 552 2 50 100
note 544 550 2 50 100
note 542 544 2 50 100
note 540 542 2 54 100
note 538 540 2 50 100
note 536 538 2 47 100
note 534 536 2 50 100
note 532 534 2 54 100
note 530 532 2 50 100
note 528 530 2 45 100
note 526 528 2 52 100
note 524 526 2 55 100
note 522 524 2 52 100
note 520 522 2 45 100
note 518 520 2 52 100
note 516 518 2 55 100
note 514 516 2 52 100
note 512 514 2 45 100
note 510 512 2 52 100
note 508 510 2 55 100
note 506 508 2 52 100
note 504 506 2 47 100
note 502 504 2 52 100
note 500 502 2 55 100
note 498 500 2 52 100
note 496 498 2 47 100
note 494 496 2 50 100
note 492 494 2 54 100
note 490 492 2 50 100
note 488 490 2 47 100
note 486 488 2 50 100
note 484 486 2 54 100
note 482 484 2 50 100
note 480 482 2 45 100
note 478 480 2 50 100
note 476 478 2 54 100
note 474 476 2 50 100
note 472 474 2 47 100
note 470 472 2 50 100
note 468 470 2 54 100
note 466 468 2 50 100
note 464 466 2 45 100
note 462 464 2 50 100
note 460 462 2 54 100
note 458 460 2 50 100
note 456 458 2 47 100
note 454 456 2 50 100
note 452 454 2 54 100
note 450 452 2 50 100
note 448 450 2 45 100
note 446 448 2 50 100
note 444 446 2 54 100
note 442 444 2 50 100
note 440 442 2 47 100
note 438 440 2 50 100
note 436 438 2 54 100
note 434 436 2 50 100
note 432 434 2 45 100
note 430 432 2 47 100
note 424 430 2 47 100
note 422 424 2 50 100
note 416 422 2 50 100
note 414 416 2 47 100
note 408 414 2 47 100
note 406 408 2 50 100
note 400 406 2 50 100
note 398 400 2 47 100
note 392 398 2 47 100
note 390 392 2 50 100
note 384 390 2 50 100
note 382 384 2 47 100
note 376 382 2 47 100
note 374 376 2 50 100
note 368 374 2 50 100
note 246 248 2 57 100
note 244 246 2 53 100
note 242 244 2 50 100
note 240 242 2 46 100
note 238 240 2 49 100
note 236 238 2 55 100
note 234 236 2 52 100
note 232 234 2 45 100
note 230 232 2 49 100
note 228 230 2 55 100
note 226 228 2 52 100
note 224 226 2 45 100
note 222 224 2 52 100
note 220 222 2 55 100
note 218 220 2 52 100
note 216 218 2 47 100
note 214 216 2 52 100
note 212 214 2 55 100
note 210 212 2 52 100
note 208 210 2 47 100
note 206 208 2 50 100
note 204 206 2 54 100
note 202 204 2 50 100
note 200 202 2 47 100
note 198 200 2 50 100
note 196 198 2 54 100
note 194 196 2 50 100
note 192 194 2 45 100
note 190 192 2 50 100
note 188 190 2 54 100
note 186 188 2 50 100
note 184 186 2 47 100
note 182 184 2 50 100
note 180 182 2 54 100
note 178 180 2 50 100
note 176 178 2 45 100
note 174 176 2 50 100
note 172 174 2 54 100
note 170 172 2 50 100
note 168 170 2 47 100
note 166 168 2 50 100
note 164 166 2 54 100
note 162 164 2 50 100
note 160 162 2 45 100
note 158 160 2 50 100
note 156 158 2 54 100
note 154 156 2 50 100
note 152 154 2 47 100
note 150 152 2 50 100
note 148 150 2 54 100
note 146 148 2 50 100
note 144 146 2 45 100
note 142 144 2 50 100
note 140 142 2 54 100
note 138 140 2 50 100
note 136 138 2 47 100
note 134 136 2 50 100
note 132 134 2 54 100
note 130 132 2 50 100
note 128 130 2 45 100
note 126 128 2 50 100
note 124 126 2 54 100
note 122 124 2 50 100
note 120 122 2 47 100
note 118 120 2 50 100
note 116 118 2 54 100
note 114 116 2 50 100
note 112 114 2 45 100
note 110 112 2 49 100
note 108 110 2 55 100
note 106 108 2 52 100
note 104 106 2 45 100
note 102 104 2 49 100
note 100 102 2 55 100
note 98 100 2 52 100
note 96 98 2 45 100
note 94 96 2 52 100
note 92 94 2 55 100
note 90 92 2 52 100
note 88 90 2 47 100
note 86 88 2 52 100
note 84 86 2 55 100
note 82 84 2 52 100
note 80 82 2 47 100
note 78 80 2 50 100
note 76 78 2 54 100
note 74 76 2 50 100
note 72 74 2 47 100
note 70 72 2 50 100
note 68 70 2 54 100
note 66 68 2 50 100
note 64 66 2 45 100
note 62 64 2 50 100
note 60 62 2 54 100
note 58 60 2 50 100
note 56 58 2 47 100
note 54 56 2 50 100
note 52 54 2 54 100
note 50 52 2 50 100
note 48 50 2 45 100
note 46 48 2 50 100
note 44 46 2 54 100
note 42 44 2 50 100
note 40 42 2 47 100
note 38 40 2 50 100
note 36 38 2 54 100
note 34 36 2 50 100
note 32 34 2 45 100
note 30 32 2 50 100
note 28 30 2 54 100
note 26 28 2 50 100
note 24 26 2 47 100
note 22 24 2 50 100
note 20 22 2 54 100
note 18 20 2 50 100
note 16 18 2 45 100
note 1390 1400 1 66 100
note 1388 1390 1 66 100
note 1386 1388 1 67 100
note 1374 1380 1 69 100
note 1372 1374 1 69 100
note 1370 1372 1 67 100
note 1358 1364 1 66 100
note 1358 1364 1 69 100
note 1356 1358 1 66 100
note 1356 1358 1 69 100
note 1354 1356 1 64 100
note 1354 1356 1 67 100
note 1350 1354 1 62 100
note 1348 1350 1 66 100
note 1346 1348 1 69 100
note 1344 1346 1 71 100
note 1342 1344 1 69 100
note 1340 1342 1 69 100
note 1338 1340 1 69 100
note 1326 1336 1 66 100
note 1326 1336 1 69 100
note 1324 1326 1 66 100
note 1324 1326 1 69 100
note 1322 1324 1 64 100
note 1322 1324 1 67 100
note 1318 1322 1 62 100
note 1316 1318 1 66 100
note 1314 1316 1 69 100
note 1312 1314 1 71 100
note 1310 1312 1 69 100
note 1308 1310 1 69 100
note 1306 1308 1 69 100
note 1294 1304 1 66 100
note 1294 1304 1 69 100
note 1292 1294 1 66 100
note 1292 1294 1 69 100
note 1290 1292 1 64 100
note 1290 1292 1 67 100
note 1286 1290 1 62 100
note 1284 1286 1 66 100
note 1282 1284 1 69 100
note 1280 1282 1 71 100
note 1278 1280 1 69 100
note 1276 1278 1 69 100
note 1274 1276 1 69 100
note 1262 1272 1 66 100
note 1262 1272 1 69 100
note 1260 1262 1 66 100
note 1260 1262 1 69 100
note 1258 1260 1 64 100
note 1258 1260 1 67 100
note 1254 1258 1 62 100
note 1252 1254 1 66 100
note 1250 1252 1 69 100
note 1248 1250 1 71 100
note 1246 1248 1 69 100
note 1244 1246 1 69 100
note 1242 1244 1 69 100
note 1230 1240 1 66 100
note 1230 1240 1 69 100
note 1228 1230 1 66 100
note 1228 1230 1 69 100
note 1226 1228 1 64 100
note 1226 1228 1 67 100
note 1222 1226 1 62 100
note 1220 1222 1 66 100
note 1218 1220 1 69 100
note 1216 1218 1 71 100
note 1214 1216 1 69 100
note 1212 1214 1 69 100
note 1210 1212 1 69 100
note 1198 1208 1 66 100
note 1200 1208 1 69 100
note 1196 1198 1 66 100
note 1194 1196 1 64 100
note 1190 1194 1 64 100
note 1188 1190 1 65 100
note 1186 1188 1 65 100
note 1184 1186 1 62 100
note 1182 1184 1 60 100
note 1180 1182 1 62 100
note 1176 1180 1 65 100
note 1174 1176 1 65 100
note 1172 1174 1 67 100
note 1170 1172 1 69 100
note 1168 1170 1 69 100
note 1166 1168 1 67 100
note 1164 1166 1 65 100
note 1160 1164 1 67 100
note 1158 1160 1 69 100
note 1156 1158 1 69 100
note 1154 1156 1 70 100
note 1152 1154 1 70 100
note 1150 1152 1 69 100
note 1148 1150 1 67 100
note 1144 1148 1 65 100
note 1140 1144 1 65 100
note 1138 1140 1 64 100
note 1136 1138 1 62 100
note 1134 1136 1 62 100
note 1132 1134 1 64 100
note 1130 1132 1 65 100
note 1128 1130 1 67 100
note 1124 1128 1 65 100
note 1120 1124 1 60 100
note 1118 1120 1 58 100
note 1116 1118 1 57 100
note 1112 1116 1 60 100
note 1108 1112 1 60 100
note 1106 1108 1 60 100
note 1104 1106 1 62 100
note 1102 1104 1 60 100
note 1100 1102 1 62 100
note 1098 1100 1 62 100
note 1096 1098 1 64 100
note 1092 1096 1 65 100
note 1088 1092 1 60 100
note 1086 1088 1 58 100
note 1084 1086 1 57 100
note 1078 1084 1 60 100
note 1076 1078 1 62 100
note 1074 1076 1 64 100
note 1072 1074 1 65 100
note 1070 1072 1 64 100
note 1068 1070 1 62 100
note 1066 1068 1 57 100
note 1062 1066 1 64 100
note 1060 1062 1 62 100
note 1056 1060 1 61 100
note 1052 1056 1 64 100
note 1046 1052 1 67 100
note 1044 1046 1 66 100
note 1040 1044 1 64 100
note 1022 1032 1 57 100
note 1022 1032 1 62 100
note 1020 1022 1 64 100
note 1020 1022 1 67 100
note 1014 1020 1 62 100
note 1014 1020 1 66 100
note 1012 1014 1 66 100
note 1012 1014 1 69 100
note 1006 1012 1 64 100
note 1006 1012 1 67 100
note 1004 1006 1 64 100
note 1004 1006 1 67 100
note 1002 1004 1 66 100
note 1002 1004 1 69 100
note 1000 1002 1 67 100
note 1000 1002 1 71 100
note 998 1000 1 57 100
note 976 980 1 66 100
note 976 980 1 69 100
note 974 976 1 64 100
note 974 976 1 67 100
note 972 974 1 64 100
note 972 974 1 67 100
note 970 972 1 66 100
note 970 972 1 69 100
note 968 970 1 67 100
note 968 970 1 71 100
note 966 968 1 57 100
note 946 956 1 66 100
note 942 946 1 57 100
note 940 942 1 57 100
note 934 940 1 64 100
note 932 934 1 62 100
note 928 932 1 61 100
note 924 928 1 64 100
note 918 924 1 67 100
note 916 918 1 66 100
note 912 916 1 64 100
note 894 904 1 57 100
note 890 894 1 64 100
note 886 890 1 62 100
note 884 886 1 66 100
note 878 884 1 64 100
note 876 878 1 64 100
note 874 876 1 66 100
note 872 874 1 67 100
note 870 872 1 57 100
note 849 856 1 66 100
note 846 849 1 64 100
note 844 846 1 64 100
note 842 844 1 66 100
note 840 842 1 67 100
note 838 840 1 57 100
note 782 792 1 66 100
note 780 782 1 66 100
note 778 780 1 64 100
note 774 778 1 64 100
note 772 774 1 65 100
note 770 772 1 65 100
note 768 770 1 62 100
note 766 768 1 60 100
note 764 766 1 62 100
note 760 764 1 65 100
note 758 760 1 65 100
note 756 758 1 67 100
note 754 756 1 69 100
note 752 754 1 69 100
note 750 752 1 67 100
note 748 750 1 65 100
note 744 748 1 67 100
note 742 744 1 69 100
note 740 742 1 69 100
note 738 740 1 70 100
note 736 738 1 70 100
note 734 736 1 69 100
note 732 734 1 67 100
note 728 732 1 65 100
note 724 728 1 65 100
note 722 724 1 64 100
note 720 722 1 62 100
note 718 720 1 62 100
note 716 718 1 64 100
note 714 716 1 65 100
note 712 714 1 67 100
note 708 712 1 65 100
note 704 708 1 60 100
note 702 704 1 58 100
note 700 702 1 57 100
note 696 700 1 60 100
note 692 696 1 60 100
note 690 692 1 60 100
note 688 690 1 62 100
note 686 688 1 60 100
note 684 686 1 62 100
note 682 684 1 62 100
note 680 682 1 64 100
note 676 680 1 65 100
note 672 676 1 60 100
note 670 672 1 58 100
note 668 670 1 57 100
note 662 668 1 60 100
note 660 662 1 62 100
note 658 660 1 64 100
note 656 658 1 65 100
note 654 656 1 64 100
note 652 654 1 62 100
note 650 652 1 57 100
note 646 650 1 64 100
note 644 646 1 62 100
note 640 644 1 61 100
note 636 640 1 64 100
note 630 636 1 67 100
note 628 630 1 66 100
note 624 628 1 64 100
note 606 616 1 57 100
note 606 616 1 62 100
note 604 606 1 64 100
note 604 606 1 67 100
note 598 604 1 62 100
note 598 604 1 66 100
note 596 598 1 66 100
note 596 598 1 69 100
note 590 596 1 64 100
note 590 596 1 67 100
note 588 590 1 64 100
note 588 590 1 67 100
note 586 588 1 66 100
note 586 588 1 69 100
note 584 586 1 67 100
note 584 586 1 71 100
note 582 584 1 57 100
note 560 564 1 66 100
note 560 564 1 69 100
note 558 560 1 64 100
note 558 560 1 67 100
note 556 558 1 64 100
note 556 558 1 67 100
note 554 556 1 66 100
note 554 556 1 69 100
note 552 554 1 67 100
note 552 554 1 71 100
note 550 552 1 57 100
note 530 540 1 66 100
note 526 530 1 57 100
note 524 526 1 57 100
note 518 524 1 64 100
note 516 518 1 62 100
note 512 516 1 61 100
note 508 512 1 64 100
note 502 508 1 67 100
note 500 502 1 66 100
note 496 500 1 64 100
note 478 488 1 57 100
note 474 478 1 64 100
note 470 474 1 62 100
note 468 470 1 66 100
note 462 468 1 64 100
note 460 462 1 64 100
note 458 460 1 66 100
note 456 458 1 67 100
note 454 456 1 57 100
note 433 440 1 66 100
note 430 433 1 64 100
note 428 430 1 64 100
note 426 428 1 66 100
note 424 426 1 67 100
note 422 424 1 57 100
note 414 416 1 74 63
note 412 414 1 78 83
note 410 412 1 74 84
note 408 410 1 71 67
note 406 408 1 74 67
note 404 406 1 78 81
note 402 404 1 74 84
note 400 402 1 69 67
note 398 400 1 74 67
note 396 398 1 78 81
note 394 396 1 74 83
note 392 394 1 71 64
note 390 392 1 74 70
note 388 390 1 78 84
note 386 388 1 74 81
note 384 386 1 69 61
note 382 384 1 74 66
note 380 382 1 78 85
note 378 380 1 74 81
note 376 378 1 71 71
note 374 376 1 74 73
note 372 374 1 78 85
note 370 372 1 74 85
note 368 370 1 69 85
note 366 368 1 66 100
note 364 366 1 66 100
note 362 364 1 64 100
note 358 362 1 64 100
note 356 358 1 65 100
note 354 356 1 65 100
note 352 354 1 62 100
note 350 352 1 60 100
note 348 350 1 62 100
note 344 348 1 65 100
note 340 344 1 67 100
note 338 340 1 69 100
note 336 338 1 69 100
note 334 336 1 67 100
note 332 334 1 65 100
note 328 332 1 67 100
note 324 328 1 69 100
note 322 324 1 70 100
note 320 322 1 70 100
note 318 320 1 69 100
note 316 318 1 67 100
note 312 316 1 65 100
note 308 312 1 65 100
note 306 308 1 64 100
note 304 306 1 62 100
note 302 304 1 62 100
note 300 302 1 64 100
note 298 300 1 65 100
note 296 298 1 67 100
note 292 296 1 65 100
note 288 292 1 60 100
note 286 288 1 58 100
note 284 286 1 57 100
note 280 284 1 60 100
note 276 280 1 60 100
note 274 276 1 60 100
note 272 274 1 62 100
note 270 272 1 60 100
note 268 270 1 62 100
note 266 268 1 62 100
note 264 266 1 64 100
note 260 264 1 65 100
note 256 260 1 60 100
note 254 256 1 58 100
note 252 254 1 57 100
note 246 248 1 60 100
note 244 246 1 62 100
note 242 244 1 64 100
note 240 242 1 65 100
note 238 240 1 64 100
note 236 238 1 62 100
note 234 236 1 57 100
note 230 234 1 64 100
note 228 230 1 62 100
note 222 228 1 61 100
note 220 222 1 64 100
note 214 220 1 67 100
note 212 214 1 66 100
note 208 212 1 64 100
note 190 200 1 57 100
note 188 190 1 64 100
note 182 188 1 62 100
note 180 182 1 66 100
note 174 180 1 64 100
note 172 174 1 64 100
note 170 172 1 66 100
note 168 170 1 67 100
note 166 168 1 57 100
note 144 152 1 66 100
note 142 144 1 64 100
note 140 142 1 64 100
note 138 140 1 66 100
note 136 138 1 67 100
note 114 128 1 66 100
note 110 114 1 57 100
note 108 110 1 57 100
note 104 108 1 64 100
note 98 104 1 62 100
note 94 98 1 61 100
note 92 94 1 64 100
note 86 92 1 67 100
note 84 86 1 66 100
note 80 84 1 64 100
note 78 80 1 57 100
note 62 76 1 57 100
note 60 62 1 64 100
note 56 60 1 62 100
note 50 56 1 66 100
note 46 50 1 64 100
note 44 46 1 64 100
note 42 44 1 66 100
note 40 42 1 67 100
note 38 40 1 57 100
note 16 24 1 66 100
note 14 16 1 64 100
note 12 14 1 64 100
note 10 12 1 66 100
note 8 10 1 67 100
