tempo 100000
note 572 576 5 56 10
note 572 576 5 59 10
note 572 576 5 64 10
note 568 572 5 56 24
note 568 572 5 59 24
note 566 568 5 56 31
note 566 568 5 59 31
note 564 566 5 56 38
note 564 566 5 59 38
note 562 564 5 56 44
note 562 564 5 59 44
note 560 562 5 52 51
note 558 560 5 59 58
note 554 558 5 57 72
note 554 558 5 59 72
note 552 554 5 52 78
note 550 552 5 57 85
note 550 552 5 59 85
note 546 550 5 57 99
note 546 550 5 59 99
note 544 546 5 52 105
note 540 544 5 55 85
note 540 544 5 59 85
note 538 540 5 55 85
note 538 540 5 59 85
note 536 538 5 48 85
note 532 536 5 55 85
note 532 536 5 59 85
note 530 532 5 55 85
note 530 532 5 59 85
note 528 530 5 48 85
note 524 528 5 53 85
note 524 528 5 57 85
note 522 524 5 53 85
note 522 524 5 57 85
note 520 522 5 50 85
note 516 520 5 53 85
note 516 520 5 57 85
note 514 516 5 53 85
note 514 516 5 57 85
note 512 514 5 50 85
note 510 512 5 52 85
note 510 512 5 57 85
note 508 510 5 45 85
note 506 508 5 52 85
note 506 508 5 57 85
note 504 506 5 45 85
note 502 504 5 55 85
note 502 504 5 60 85
note 500 502 5 48 85
note 498 500 5 55 85
note 498 500 5 60 85
note 496 498 5 48 85
note 494 496 5 50 85
note 494 496 5 55 85
note 492 494 5 43 85
note 490 492 5 50 85
note 490 492 5 55 85
note 488 490 5 43 85
note 486 488 5 53 85
note 486 488 5 57 85
note 484 486 5 50 85
note 482 484 5 53 85
note 482 484 5 57 85
note 480 482 5 50 85
note 478 480 5 52 85
note 478 480 5 57 85
note 476 478 5 45 85
note 474 476 5 52 85
note 474 476 5 57 85
note 472 474 5 45 85
note 470 472 5 55 85
note 470 472 5 60 85
note 468 470 5 48 85
note 466 468 5 55 85
note 466 468 5 60 85
note 464 466 5 48 85
note 462 464 5 50 85
note 462 464 5 55 85
note 460 462 5 43 85
note 458 460 5 50 85
note 458 460 5 55 85
note 456 458 5 43 85
note 454 456 5 53 85
note 454 456 5 57 85
note 452 454 5 50 85
note 450 452 5 53 85
note 450 452 5 57 85
note 448 450 5 50 85
note 446 448 5 52 85
note 446 448 5 57 85
note 444 446 5 45 85
note 442 444 5 52 85
note 442 444 5 57 85
note 440 442 5 45 85
note 438 440 5 55 85
note 438 440 5 60 85
note 436 438 5 48 85
note 434 436 5 55 85
note 434 436 5 60 85
note 432 434 5 48 85
note 430 432 5 50 85
note 430 432 5 55 85
note 428 430 5 43 85
note 426 428 5 50 85
note 426 428 5 55 85
note 424 426 5 43 85
note 422 424 5 53 85
note 422 424 5 57 85
note 420 422 5 50 85
note 418 420 5 53 85
note 418 420 5 57 85
note 416 418 5 50 85
note 414 416 5 55 85
note 414 416 5 60 85
note 412 414 5 55 85
note 412 414 5 60 85
note 410 412 5 55 85
note 410 412 5 60 85
note 408 410 5 52 85
note 406 408 5 55 85
note 406 408 5 60 85
note 404 406 5 55 85
note 404 406 5 60 85
note 402 404 5 55 85
note 402 404 5 60 85
note 400 402 5 52 85
note 398 400 5 50 85
note 396 398 5 55 85
note 396 398 5 60 85
note 394 396 5 55 85
note 394 396 5 60 85
note 392 394 5 52 85
note 390 392 5 55 85
note 390 392 5 60 85
note 388 390 5 55 85
note 388 390 5 60 85
note 386 388 5 55 85
note 386 388 5 60 85
note 384 386 5 52 85
note 382 384 5 57 85
note 382 384 5 60 85
note 380 382 5 57 85
note 380 382 5 60 85
note 378 380 5 57 85
note 378 380 5 60 85
note 376 378 5 53 85
note 374 376 5 57 85
note 374 376 5 60 85
note 372 374 5 57 85
note 372 374 5 60 85
note 370 372 5 57 85
note 370 372 5 60 85
note 368 370 5 53 85
note 366 368 5 57 85
note 366 368 5 60 85
note 364 366 5 57 85
note 364 366 5 60 85
note 362 364 5 57 85
note 362 364 5 60 85
note 360 362 5 53 85
note 358 360 5 57 85
note 358 360 5 60 85
note 356 358 5 57 85
note 356 358 5 60 85
note 354 356 5 57 85
note 354 356 5 60 85
note 352 354 5 53 85
note 350 352 5 55 85
note 350 352 5 60 85
note 348 350 5 55 85
note 348 350 5 60 85
note 346 348 5 55 85
note 346 348 5 60 85
note 344 346 5 52 85
note 342 344 5 55 85
note 342 344 5 60 85
note 340 342 5 55 85
note 340 342 5 60 85
note 338 340 5 55 85
note 338 340 5 60 85
note 336 338 5 52 85
note 334 336 5 50 85
note 332 334 5 55 85
note 332 334 5 60 85
note 330 332 5 55 85
note 330 332 5 60 85
note 328 330 5 52 85
note 326 328 5 55 85
note 326 328 5 60 85
note 324 326 5 55 85
note 324 326 5 60 85
note 322 324 5 55 85
note 322 324 5 60 85
note 320 322 5 52 85
note 318 320 5 57 85
note 318 320 5 60 85
note 316 318 5 57 85
note 316 318 5 60 85
note 314 316 5 57 85
note 314 316 5 60 85
note 312 314 5 53 85
note 310 312 5 57 85
note 310 312 5 60 85
note 308 310 5 57 85
note 308 310 5 60 85
note 306 308 5 57 85
note 306 308 5 60 85
note 304 306 5 53 85
note 302 304 5 57 85
note 302 304 5 60 85
note 300 302 5 57 85
note 300 302 5 60 85
note 298 300 5 57 85
note 298 300 5 60 85
note 296 298 5 53 85
note 294 296 5 57 85
note 294 296 5 60 85
note 292 294 5 57 85
note 292 294 5 60 85
note 290 292 5 57 85
note 290 292 5 60 85
note 288 290 5 53 85
note 284 288 5 56 55
note 284 288 5 59 55
note 284 288 5 64 55
note 280 284 5 56 55
note 280 284 5 59 55
note 278 280 5 56 55
note 278 280 5 59 55
note 276 278 5 56 55
note 276 278 5 59 55
note 274 276 5 56 55
note 274 276 5 59 55
note 272 274 5 52 55
note 270 272 5 59 55
note 266 270 5 57 55
note 266 270 5 59 55
note 264 266 5 52 55
note 262 264 5 57 55
note 262 264 5 59 55
note 258 262 5 57 55
note 258 262 5 59 55
note 256 258 5 52 85
note 252 256 5 55 85
note 252 256 5 59 85
note 250 252 5 55 85
note 250 252 5 59 85
note 248 250 5 48 85
note 244 248 5 55 85
note 244 248 5 59 85
note 242 244 5 55 85
note 242 244 5 59 85
note 240 242 5 48 85
note 236 240 5 53 85
note 236 240 5 57 85
note 234 236 5 53 85
note 234 236 5 57 85
note 232 234 5 50 85
note 228 232 5 53 85
note 228 232 5 57 85
note 226 228 5 53 85
note 226 228 5 57 85
note 224 226 5 50 85
note 222 224 5 52 85
note 222 224 5 57 85
note 220 222 5 45 85
note 218 220 5 52 85
note 218 220 5 57 85
note 216 218 5 45 85
note 214 216 5 55 85
note 214 216 5 60 85
note 212 214 5 48 85
note 210 212 5 55 85
note 210 212 5 60 85
note 208 210 5 48 85
note 206 208 5 50 85
note 206 208 5 55 85
note 204 206 5 43 85
note 202 204 5 50 85
note 202 204 5 55 85
note 200 202 5 43 85
note 198 200 5 53 85
note 198 200 5 57 85
note 196 198 5 50 85
note 194 196 5 53 85
note 194 196 5 57 85
note 192 194 5 50 85
note 190 192 5 52 85
note 190 192 5 57 85
note 188 190 5 45 85
note 186 188 5 52 85
note 186 188 5 57 85
note 184 186 5 45 85
note 182 184 5 55 85
note 182 184 5 60 85
note 180 182 5 48 85
note 178 180 5 55 85
note 178 180 5 60 85
note 176 178 5 48 85
note 174 176 5 50 85
note 174 176 5 55 85
note 172 174 5 43 85
note 170 172 5 50 85
note 170 172 5 55 85
note 168 170 5 43 85
note 166 168 5 53 85
note 166 168 5 57 85
note 164 166 5 50 85
note 162 164 5 53 85
note 162 164 5 57 85
note 160 162 5 50 85
note 158 160 5 52 85
note 158 160 5 57 85
note 156 158 5 45 85
note 154 156 5 52 85
note 154 156 5 57 85
note 152 154 5 45 85
note 150 152 5 55 85
note 150 152 5 60 85
note 148 150 5 48 85
note 146 148 5 55 85
note 146 148 5 60 85
note 144 146 5 48 85
note 142 144 5 50 85
note 142 144 5 55 85
note 140 142 5 43 85
note 138 140 5 50 85
note 138 140 5 55 85
note 136 138 5 43 85
note 134 136 5 53 85
note 134 136 5 57 85
note 132 134 5 50 85
note 130 132 5 53 85
note 130 132 5 57 85
note 128 130 5 50 85
note 126 128 5 55 85
note 126 128 5 60 85
note 124 126 5 55 85
note 124 126 5 60 85
note 122 124 5 55 85
note 122 124 5 60 85
note 120 122 5 52 85
note 118 120 5 55 85
note 118 120 5 60 85
note 116 118 5 55 85
note 116 118 5 60 85
note 114 116 5 55 85
note 114 116 5 60 85
note 112 114 5 52 85
note 110 112 5 50 85
note 108 110 5 55 85
note 108 110 5 60 85
note 106 108 5 55 85
note 106 108 5 60 85
note 104 106 5 52 85
note 102 104 5 55 85
note 102 104 5 60 85
note 100 102 5 55 85
note 100 102 5 60 85
note 98 100 5 55 85
note 98 100 5 60 85
note 96 98 5 52 85
note 94 96 5 57 85
note 94 96 5 60 85
note 92 94 5 57 85
note 92 94 5 60 85
note 90 92 5 57 85
note 90 92 5 60 85
note 88 90 5 53 85
note 86 88 5 57 85
note 86 88 5 60 85
note 84 86 5 57 85
note 84 86 5 60 85
note 82 84 5 57 85
note 82 84 5 60 85
note 80 82 5 53 85
note 78 80 5 57 85
note 78 80 5 60 85
note 76 78 5 57 85
note 76 78 5 60 85
note 74 76 5 57 85
note 74 76 5 60 85
note 72 74 5 53 85
note 70 72 5 57 85
note 70 72 5 60 85
note 68 70 5 57 85
note 68 70 5 60 85
note 66 68 5 57 85
note 66 68 5 60 85
note 64 66 5 53 85
note 62 64 5 55 85
note 62 64 5 60 85
note 60 62 5 55 85
note 60 62 5 60 85
note 58 60 5 55 85
note 58 60 5 60 85
note 56 58 5 52 85
note 54 56 5 55 85
note 54 56 5 60 85
note 52 54 5 55 85
note 52 54 5 60 85
note 50 52 5 55 85
note 50 52 5 60 85
note 48 50 5 52 85
note 46 48 5 50 85
note 44 46 5 55 85
note 44 46 5 60 85
note 42 44 5 55 85
note 42 44 5 60 85
note 40 42 5 52 85
note 38 40 5 55 85
note 38 40 5 60 85
note 36 38 5 55 85
note 36 38 5 60 85
note 34 36 5 55 85
note 34 36 5 60 85
note 32 34 5 52 85
note 30 32 5 57 85
note 30 32 5 60 85
note 28 30 5 57 85
note 28 30 5 60 85
note 26 28 5 57 85
note 26 28 5 60 85
note 24 26 5 53 85
note 22 24 5 57 85
note 22 24 5 60 85
note 20 22 5 57 85
note 20 22 5 60 85
note 18 20 5 57 85
note 18 20 5 60 85
note 16 18 5 53 85
note 14 16 5 57 85
note 14 16 5 60 85
note 12 14 5 57 85
note 12 14 5 60 85
note 10 12 5 57 85
note 10 12 5 60 85
note 8 10 5 53 85
note 6 8 5 57 85
note 6 8 5 60 85
note 4 6 5 57 85
note 4 6 5 60 85
note 2 4 5 57 85
note 2 4 5 60 85
note 0 2 5 53 85
note 544 576 1 76 85
note 544 576 1 83 85
note 543 544 1 74 85
note 543 544 1 81 85
note 541 543 1 77 85
note 541 543 1 84 85
note 540 541 1 76 85
note 540 541 1 83 85
note 538 540 1 84 85
note 538 540 1 88 85
note 536 538 1 86 85
note 536 538 1 89 85
note 534 536 1 83 85
note 534 536 1 86 85
note 532 534 1 84 85
note 532 534 1 88 85
note 530 532 1 81 85
note 530 532 1 84 85
note 528 530 1 83 85
note 528 530 1 86 85
note 526 528 1 79 85
note 526 528 1 83 85
note 524 526 1 81 85
note 524 526 1 84 85
note 522 524 1 77 85
note 522 524 1 81 85
note 520 522 1 79 85
note 520 522 1 83 85
note 518 520 1 76 85
note 518 520 1 79 85
note 516 518 1 77 85
note 516 518 1 81 85
note 514 516 1 72 85
note 514 516 1 76 85
note 512 514 1 74 85
note 512 514 1 77 85
note 500 512 1 64 85
note 498 500 1 71 85
note 496 498 1 72 85
note 492 496 1 71 85
note 490 492 1 69 85
note 488 490 1 67 85
note 484 488 1 65 85
note 482 484 1 64 85
note 480 482 1 62 85
note 468 480 1 88 85
note 468 480 1 91 85
note 466 468 1 86 85
note 466 468 1 89 85
note 464 466 1 84 85
note 464 466 1 88 85
note 460 464 1 83 85
note 460 464 1 86 85
note 458 460 1 81 85
note 458 460 1 84 85
note 456 458 1 79 85
note 456 458 1 83 85
note 452 456 1 77 85
note 452 456 1 81 85
note 450 452 1 76 85
note 450 452 1 79 85
note 448 450 1 74 85
note 448 450 1 77 85
note 436 448 1 64 85
note 434 436 1 71 85
note 432 434 1 72 85
note 428 432 1 71 85
note 426 428 1 69 85
note 424 426 1 67 85
note 420 424 1 65 85
note 418 420 1 64 85
note 416 418 1 62 85
note 404 416 1 76 85
note 402 404 1 74 85
note 400 402 1 79 85
note 398 400 1 83 85
note 388 398 1 79 85
note 386 388 1 83 85
note 384 386 1 88 85
note 382 384 1 84 85
note 380 382 1 83 85
note 376 380 1 86 85
note 374 376 1 88 85
note 372 374 1 83 85
note 370 372 1 81 85
note 368 370 1 77 85
note 364 368 1 83 85
note 362 364 1 81 85
note 360 362 1 77 85
note 356 360 1 83 85
note 354 356 1 81 85
note 352 354 1 77 85
note 340 352 1 76 85
note 338 340 1 79 85
note 336 338 1 76 85
note 334 336 1 74 85
note 324 334 1 76 85
note 322 324 1 79 85
note 320 322 1 83 85
note 318 320 1 84 85
note 316 318 1 83 85
note 312 316 1 86 85
note 310 312 1 88 85
note 308 310 1 83 85
note 306 308 1 81 85
note 304 306 1 77 85
note 300 304 1 83 85
note 298 300 1 81 85
note 296 298 1 77 85
note 292 296 1 83 85
note 290 292 1 81 85
note 288 290 1 77 85
note 256 288 1 76 85
note 256 288 1 83 85
note 255 256 1 74 85
note 255 256 1 81 85
note 253 255 1 77 85
note 253 255 1 84 85
note 252 253 1 76 85
note 252 253 1 83 85
note 250 252 1 84 85
note 250 252 1 88 85
note 248 250 1 86 85
note 248 250 1 89 85
note 246 248 1 83 85
note 246 248 1 86 85
note 244 246 1 84 85
note 244 246 1 88 85
note 242 244 1 81 85
note 242 244 1 84 85
note 240 242 1 83 85
note 240 242 1 86 85
note 238 240 1 79 85
note 238 240 1 83 85
note 236 238 1 81 85
note 236 238 1 84 85
note 234 236 1 77 85
note 234 236 1 81 85
note 232 234 1 79 85
note 232 234 1 83 85
note 230 232 1 76 85
note 230 232 1 79 85
note 228 230 1 77 85
note 228 230 1 81 85
note 226 228 1 72 85
note 226 228 1 76 85
note 224 226 1 74 85
note 224 226 1 77 85
note 212 224 1 64 85
note 210 212 1 71 85
note 208 210 1 72 85
note 204 208 1 71 85
note 202 204 1 69 85
note 200 202 1 67 85
note 196 200 1 65 85
note 194 196 1 64 85
note 192 194 1 62 85
note 180 192 1 88 85
note 180 192 1 91 85
note 178 180 1 86 85
note 178 180 1 89 85
note 176 178 1 84 85
note 176 178 1 88 85
note 172 176 1 83 85
note 172 176 1 86 85
note 170 172 1 81 85
note 170 172 1 84 85
note 168 170 1 79 85
note 168 170 1 83 85
note 164 168 1 77 85
note 164 168 1 81 85
note 162 164 1 76 85
note 162 164 1 79 85
note 160 162 1 74 85
note 160 162 1 77 85
note 148 160 1 64 85
note 146 148 1 71 85
note 144 146 1 72 85
note 140 144 1 71 85
note 138 140 1 69 85
note 136 138 1 67 85
note 132 136 1 65 85
note 130 132 1 64 85
note 128 130 1 62 85
note 116 128 1 76 85
note 114 116 1 74 85
note 112 114 1 79 85
note 110 112 1 83 85
note 100 110 1 79 85
note 98 100 1 83 85
note 96 98 1 88 85
note 94 96 1 84 85
note 92 94 1 83 85
note 88 92 1 86 85
note 86 88 1 88 85
note 84 86 1 83 85
note 82 84 1 81 85
note 80 82 1 77 85
note 76 80 1 83 85
note 74 76 1 81 85
note 72 74 1 77 85
note 68 72 1 83 85
note 66 68 1 81 85
note 64 66 1 77 85
note 52 64 1 76 85
note 50 52 1 79 85
note 48 50 1 76 85
note 46 48 1 74 85
note 36 46 1 76 85
note 34 36 1 79 85
note 32 34 1 83 85
note 30 32 1 84 85
note 28 30 1 83 85
note 24 28 1 86 85
note 22 24 1 88 85
note 20 22 1 83 85
note 18 20 1 81 85
note 16 18 1 77 85
note 12 16 1 83 85
note 10 12 1 81 85
note 8 10 1 77 85
note 4 8 1 83 85
note 2 4 1 81 85
note 0 2 1 77 85
