tempo 540540
note 53280 54713 2 55 57
note 52320 53740 2 66 65
note 52800 53273 2 67 65
note 52080 53260 2 60 65
note 51840 53248 2 50 65
note 50880 51833 2 67 65
note 50640 51820 2 60 65
note 50400 51808 2 45 65
note 49440 50393 2 67 65
note 49200 50380 2 61 65
note 48960 50368 2 46 65
note 48000 48953 2 67 65
note 47760 48940 2 62 65
note 47520 48928 2 47 65
note 46560 47513 2 66 65
note 46320 47500 2 57 65
note 46080 47488 2 48 65
note 45120 46073 2 64 65
note 44880 46060 2 55 65
note 44640 46048 2 48 65
note 43680 44633 2 66 65
note 43440 44620 2 57 65
note 43200 44608 2 48 65
note 42240 43193 2 64 65
note 42000 43180 2 55 65
note 41760 43168 2 48 65
note 40560 41618 2 62 65
note 40320 41258 2 55 65
note 39360 40298 2 60 65
note 39120 40058 2 57 65
note 38880 39818 2 50 65
note 37920 38873 2 61 65
note 37680 38860 2 58 65
note 37440 38848 2 51 65
note 36480 37433 2 62 65
note 36240 37420 2 59 65
note 36000 37408 2 52 65
note 35040 35993 2 64 65
note 34800 35980 2 60 65
note 34560 35968 2 53 65
note 33600 34553 2 59 65
note 33360 34540 2 55 65
note 33120 34528 2 48 65
note 32160 33113 2 60 65
note 31920 33100 2 57 65
note 31680 33088 2 50 65
note 30720 31673 2 62 65
note 30480 31660 2 59 65
note 30240 31648 2 52 65
note 29280 30233 2 64 65
note 29040 30220 2 60 65
note 28800 30208 2 53 65
note 27840 28793 2 66 65
note 27600 28780 2 60 65
note 27360 28768 2 50 65
note 26400 27353 2 67 65
note 26160 27340 2 60 65
note 25920 27328 2 45 65
note 24960 25913 2 67 65
note 24720 25900 2 61 65
note 24480 25888 2 46 65
note 23520 24473 2 67 65
note 23280 24460 2 62 65
note 23040 24448 2 47 65
note 22080 23033 2 66 65
note 21840 23020 2 57 65
note 21600 23008 2 48 65
note 20640 21593 2 64 65
note 20400 21580 2 55 65
note 20160 21568 2 48 65
note 19200 20153 2 66 65
note 18960 20140 2 57 65
note 18720 20128 2 48 65
note 17760 18713 2 64 65
note 17520 18700 2 55 65
note 17280 18688 2 48 65
note 16320 17273 2 66 65
note 16080 17260 2 60 65
note 15840 17248 2 50 65
note 14880 15833 2 67 65
note 14640 15820 2 60 65
note 14400 15808 2 45 65
note 13440 14393 2 67 65
note 13200 14380 2 61 65
note 12960 14368 2 46 65
note 12000 12953 2 67 65
note 11760 12940 2 62 65
note 11520 12928 2 47 65
note 10560 11513 2 66 65
note 10320 11500 2 57 65
note 10080 11488 2 48 65
note 9120 10073 2 64 65
note 8880 10060 2 55 65
note 8640 10048 2 48 65
note 7680 8633 2 66 65
note 7440 8620 2 57 65
note 7200 8608 2 48 65
note 6240 7193 2 64 65
note 6000 7180 2 55 65
note 5760 7168 2 48 65
note 4800 5753 2 66 65
note 4560 5740 2 57 65
note 4320 5728 2 48 65
note 3360 4313 2 64 65
note 3120 4300 2 55 65
note 2880 4288 2 48 65
note 1920 2873 2 66 65
note 1680 2860 2 57 65
note 1440 2848 2 48 65
note 480 1433 2 64 65
note 240 1420 2 55 65
note 0 1408 2 48 65
note 53280 54660 1 79 92
note 51840 53220 1 69 87
note 51600 51833 1 71 87
note 51360 51593 1 72 87
note 50400 51330 1 74 80
note 49920 50385 1 79 87
note 48960 49890 1 81 87
note 48480 48945 1 74 80
note 47520 48450 1 71 87
note 46080 47460 1 69 87
note 45600 46065 1 74 80
note 44640 45570 1 71 87
note 44400 44633 1 69 87
note 44160 44393 1 67 87
note 43200 44130 1 69 87
note 42720 43185 1 74 80
note 41760 42690 1 71 87
note 40800 41738 1 71 65
note 41040 41730 1 79 65
note 40080 41018 1 72 65
note 39840 40778 1 69 65
note 39600 40538 1 65 65
note 37440 39300 1 91 87
note 36960 37425 1 84 87
note 36480 36945 1 79 87
note 36240 36473 1 83 87
note 36000 36233 1 84 87
note 35760 35993 1 83 87
note 35520 35753 1 84 87
note 34560 35490 1 86 87
note 33600 34530 1 76 87
note 33360 33593 1 81 87
note 33120 33353 1 83 87
note 32880 33113 1 81 87
note 32640 32873 1 83 87
note 31680 32610 1 84 87
note 30720 31650 1 79 87
note 30480 30713 1 83 87
note 30240 30473 1 84 87
note 30000 30233 1 83 87
note 29760 29993 1 84 87
note 28800 29730 1 86 87
note 25920 28740 1 86 87
note 25440 25905 1 79 87
note 24480 25410 1 81 87
note 24000 24465 1 74 80
note 23040 23970 1 71 87
note 21600 22980 1 69 87
note 21120 21585 1 74 80
note 20160 21090 1 71 87
note 19920 20153 1 69 87
note 19680 19913 1 67 87
note 18720 19650 1 69 87
note 18240 18705 1 74 80
note 17280 18210 1 71 87
note 15840 17220 1 69 87
note 15600 15833 1 71 87
note 15360 15593 1 72 87
note 14400 15330 1 74 80
note 13920 14385 1 79 87
note 12960 13890 1 81 87
note 12480 12945 1 74 80
note 11520 12450 1 71 87
note 10080 11460 1 69 87
note 9600 10065 1 74 80
note 8640 9570 1 71 87
note 8400 8633 1 69 87
note 8160 8393 1 67 87
note 7200 8130 1 69 87
note 6720 7185 1 74 80
note 5760 6690 1 71 87
